#a1400.txt, PH, ToF, MCP PH
16.467464, 72.225006, 33.226188
18.962053, 76.264617, 132.3354
16.522022, 69.311676, 75.078331
17.206461, 74.483062, 29.285303
16.793106, 78.542175, 13.22
24.484144, 66.843719, 33.683334
17.097938, 73.331512, 22.534999
16.802433, 71.423004, 27.135833
33.879737, 73.673522, 134.59869
16.445631, 70.056304, 43.366428
16.9398, 74.535156, 21.191667
17.207738, 75.513855, 33.365303
17.011823, 68.474243, 53.09119
17.293054, 75.807617, 54.369583
17.209142, 77.280304, 17.273332
16.641338, 73.934265, 21.76
16.805656, 75.20996, 43.013462
16.729362, 74.62149, 33.663333
17.135685, 71.418609, 10.081666
17.128665, 80.614685, 54.838333
17.06948, 76.544311, 28.697856
16.783453, 69.423156, 53.525001
16.638259, 73.810394, 32.969242
17.009351, 72.870147, 15.752575
17.064415, 70.173217, 11.38
17.324989, 75.673675, 28.911666
17.060476, 70.928436, 30.426666
16.711921, 72.834228, 26.911666
17.284177, 79.351654, 10.921667
17.160158, 66.26538, 30.266666
17.056575, 77.058258, 17.684999
16.713779, 76.780151, 12.3
16.89129, 78.746521, 23.435833
16.758853, 73.830078, 30.893333
33.337261, 75.9393, 57.146667
16.792053, 73.607421, 26.282499
16.237457, 70.061798, 51.531471
17.183452, 72.350097, 18.913333
16.824985, 62.095947, 19.041666
17.171697, 72.650238, 23.051969
17.252244, 77.514495, 10.058333
17.022333, 77.73056, 28.0
16.74102, 70.182556, 39.650383
16.587234, 74.152771, 12.395
17.094532, 74.754394, 28.996666
16.568561, 75.835723, 41.282878
16.693279, 72.806182, 10.011666
17.304618, 76.893219, 11.668333
17.064283, 74.172332, 49.927822
16.724342, 73.524139, 16.375
30.880928, 74.927978, 80.862144
17.354488, 68.653198, 41.038333
16.455516, 73.185424, 26.773332
16.488756, 75.900543, 21.111665
16.553876, 78.461669, 22.951665
16.980632, 72.254943, 21.334999
16.956596, 74.600647, 29.481666
17.320861, 74.671508, 28.479999
16.873706, 76.438995, 45.975833
16.788349, 76.232543, 46.506668
16.786336, 75.344207, 13.755833
16.514638, 75.408172, 83.283569
17.05731, 72.683105, 22.895
16.59921, 69.094665, 30.003334
16.769659, 69.955444, 37.350097
17.070905, 72.692901, 26.663333
16.504541, 72.924957, 64.25
16.697341, 77.774902, 13.64106
17.221183, 72.406585, 12.413332
16.602525, 70.556945, 26.934999
17.182952, 77.454925, 17.254999
16.843236, 65.787262, 20.834999
17.351186, 72.238586, 48.318332
16.731798, 69.15686, 15.929166
16.797885, 75.059204, 31.479999
17.156343, 74.195648, 23.74119
16.957746, 71.366455, 33.193332
16.891511, 74.464721, 41.369243
17.058013, 68.947876, 66.429046
16.968664, 72.787048, 52.753334
16.963731, 76.970001, 116.22
16.845493, 72.894317, 35.715
16.790321, 74.931884, 16.094999
16.373498, 67.422515, 12.965
17.282774, 73.326934, 15.684047
16.828424, 77.748168, 30.953332
16.959697, 74.040435, 32.194999
16.542461, -1157.316, 17.386667
16.601402, 72.29248, 33.343334
16.601263, 74.795776, 29.165512
16.805538, 73.942657, 13.104999
16.701574, 78.310485, 18.231666
16.985244, 74.420684, 38.12881
16.901441, 72.178405, 23.581666
17.233631, 70.864654, 39.263332
16.677251, 71.122375, 15.564999
16.785165, 75.096435, 50.088333
16.892559, 70.821167, 24.389999
16.761732, 72.190094, 73.080001
16.816705, 72.426666, 26.581666
33.188915, 74.406127, 38.375785
31.448488, 77.494384, 35.68
17.279138, 72.365203, 35.273334
16.8908, 71.086853, 21.938333
16.740928, 71.839691, 78.073692
16.685501, 74.476623, 50.816665
16.739452, 71.915618, 85.268333
16.912977, 73.372802, 16.594999
16.957351, 70.024169, 32.60625
33.570526, 72.9104, 66.937805
16.797445, 73.581848, 11.681666
16.907777, 72.95288, 16.77
16.676347, 72.881256, 24.433332
16.833234, 78.782592, 13.381667
17.073461, 75.040924, 27.189762
17.004331, 74.028778, 25.378334
16.730556, 67.928985, 29.548334
16.591907, 70.520263, 49.411666
17.240512, 71.465667, 54.951427
17.141323, 71.225372, 24.795909
16.462431, 72.653137, 10.393333
16.590267, 76.833343, 10.92
16.653701, 70.117828, 17.400714
16.651453, 76.733093, 16.772499
17.056053, 74.281189, 23.583334
16.408998, 76.259491, 39.141429
17.037262, 74.2182, 34.958332
17.345069, 71.466095, 39.729999
16.881698, 74.533203, 22.731666
16.768146, 69.635589, 15.911666
17.252285, 68.739135, 26.543333
17.106004, 73.28302, 11.84
16.641487, 67.965515, 15.05
16.751583, 74.392089, 55.351665
16.786039, 77.303192, 21.798635
16.974239, 74.86795, 40.561428
16.706939, 71.553924, 37.913333
16.575532, 77.763031, 28.933332
16.900156, 74.152252, 12.593333
16.460769, 74.790222, 32.845001
17.058605, 70.378418, 107.82457
16.754184, 73.765625, 20.568332
16.650262, 75.832702, 85.651062
16.640302, 76.886993, 47.228096
16.810865, 78.232818, 132.06813
16.552961, 69.083099, 50.869998
16.970932, 76.193145, 38.318847
16.878398, 69.0625, 63.67197
16.878366, 70.67099, 40.494998
16.663814, 69.542755, 37.926666
17.214082, 76.288024, 18.580715
16.922489, 70.376953, 89.926666
16.687072, 70.723999, 34.188331
16.9521, 72.919616, 27.411666
17.251461, 75.891449, 25.175832
16.613363, 67.426055, 64.899032
16.489826, 71.340271, 17.776666
16.583723, 69.384521, 31.573333
16.403862, 71.784423, 20.646667
17.355783, 72.1445, 14.836667
16.911947, 74.591766, 20.078332
17.006898, 78.516998, 63.536567
16.664884, 72.655395, 43.701667
32.187336, 73.414917, 44.389911
17.157518, 74.767822, 31.393333
16.993541, 73.037902, 17.128334
16.828773, 74.619537, 47.811668
16.428756, 77.127258, 32.713333
17.1891, 70.51593, 10.008333
17.031356, 72.455627, 14.044047
16.320711, 72.665374, 18.265302
16.333353, 75.707366, 53.146251
16.485645, 71.39624, 30.409999
16.363277, 73.651641, 31.456666
16.786954, 72.245941, 26.093334
16.84987, 75.691101, 20.236665
16.965332, 78.971862, 12.301666
16.953495, 70.081756, 23.571666
16.719936, 77.150268, 20.048334
16.488885, 67.097595, 22.091667
16.966354, 72.822235, 35.869998
16.767278, 78.499298, 22.995
16.864343, 76.136261, 15.074999
17.051225, 70.578338, 56.5
16.721847, 75.128631, 53.815757
17.068466, 69.028167, 40.041061
16.572223, 70.864685, 20.083334
16.615036, 76.462219, 29.553094
16.87807, 69.678344, 38.475715
17.259502, 70.896453, 19.34
16.330354, 76.517913, 35.499847
16.740266, 70.591552, 17.710714
16.919504, 75.146179, 20.423334
16.76399, 77.442108, 20.348333
16.912847, 68.163635, 25.373333
16.984001, 74.651458, 28.597856
16.715532, 73.256866, 22.67
16.789035, 72.882019, 17.870384
16.943277, 77.079162, 33.113205
16.251369, 70.789184, 36.343334
16.898223, 70.453949, 34.776668
16.927362, 74.053405, 25.976667
16.82426, 69.636322, 24.889999
17.602035, 74.039489, 21.978332
16.802091, 72.672088, 45.638332
33.555244, 73.748016, 12.678333
17.310436, 74.089721, 15.383333
17.551576, 75.139709, 19.311666
16.373365, 75.194671, 16.974046
16.985673, 76.382537, 30.333334
16.772939, 74.16748, 45.316665
17.255069, 75.529693, 12.011666
16.932432, 72.065734, 89.849227
16.465522, 72.312469, 22.774524
16.983667, 75.758087, 91.421127
17.073123, 76.332092, 37.400001
17.562852, 68.892913, 15.846666
17.074985, 70.345489, 63.389583
16.247552, 80.587127, 103.15499
17.143545, 72.329162, 18.660715
16.951196, 70.582977, 23.283094
31.263666, 75.721405, 49.816665
17.191667, 72.250335, 55.731666
17.197439, 74.073425, 38.546665
16.529886, 69.021209, 26.616666
16.811912, 73.184356, 24.388334
17.022321, 75.17691, 33.013332
16.578071, 74.410369, 29.748333
16.629873, 77.945159, 42.173332
17.190568, 72.990722, 24.069999
16.565219, 74.311889, 34.962947
17.295642, 69.184356, 27.559166
16.627759, 77.920959, 20.155
16.937358, 72.263885, 49.50357
16.85161, 77.18515, 51.508335
16.754999, 76.675201, 10.899999
17.063653, 74.560974, 55.812915
16.997728, 69.918029, 25.703332
16.863489, 74.512664, 27.886667
16.829555, 75.79898, 70.556762
34.273078, 74.728607, 26.655
16.555494, 80.802215, 15.56119
16.864963, 75.040832, 15.345302
16.881618, 70.163024, 21.411666
17.177265, 75.338256, 16.27
16.67554, 73.517089, 23.729524
17.357418, 76.565338, 26.251667
17.076959, 77.154846, 88.568046
17.23117, 69.751342, 29.213182
34.648769, 77.959075, 36.83591
16.894105, 72.834289, 18.027381
16.785757, 74.087524, 37.423332
16.380477, 78.290283, 22.506427
17.281814, 75.157135, 186.255
15.71471, 77.75418, 132.43315
17.071746, 74.635467, 15.239999
17.100355, 73.703186, 60.536281
16.805227, 74.533264, 10.070714
16.746357, 75.893463, 12.433333
16.478151, 74.552185, 40.624607
16.926864, 73.41745, 23.238845
16.702817, 73.725341, 19.111665
17.050315, 70.477996, 101.52969
16.833053, 73.239837, 51.978332
16.908371, 75.748199, 68.684219
16.624446, 73.709137, 19.254999
16.785678, 77.98941, 21.448333
16.864328, 72.968322, 65.585479
17.366048, 71.668975, 28.358333
16.99863, 75.100463, 84.914566
16.521814, 71.385711, 42.439525
16.889686, 78.429534, 23.245
16.997835, 72.022888, 56.998333
16.677667, 73.041656, 15.543333
16.70236, 76.445312, 39.936668
16.495136, 73.624084, 12.006667
16.725696, 71.046051, 18.928333
17.058702, 69.480896, 22.958334
16.472047, 70.659606, 59.854999
16.501548, 75.226318, 31.415
16.692922, 73.07788, 59.194358
16.969026, 72.27655, 85.196907
16.532505, 69.039581, 22.898332
16.765642, 75.349426, 83.697502
16.972927, 76.396026, 33.132576
16.762065, 77.24057, 19.143333
16.204767, 71.162017, 26.243333
16.91612, 70.818603, 95.949287
17.293933, 73.162689, 75.549743
16.370794, 76.488037, 34.673332
16.970487, 74.506652, 10.328332
16.775247, 74.492248, 16.61738
16.903108, 77.812439, 21.271667
16.910518, 76.871337, 13.493332
16.711902, 69.957336, 20.129999
16.816499, 70.687591, 21.246666
17.201387, 72.243103, 17.126667
16.741138, 73.516998, 28.329999
16.773992, 71.303985, 74.969284
34.461853, 77.12619, 81.871818
17.041589, 72.01538, 67.993331
16.526783, 73.398101, 49.080001
16.854393, 76.688995, 39.569999
16.631555, 70.536254, 23.029167
17.065828, 67.352874, 27.181667
16.827919, 72.255401, 14.523333
16.944665, 72.823242, 52.479999
16.548936, 74.792999, 15.369848
16.635656, 81.186248, 34.029998
17.281919, 69.555542, 13.068333
16.740842, 81.797515, 27.006666
17.207273, 69.896484, 19.228332
16.78429, 76.486663, 34.126667
16.958814, 76.385253, 76.238334
16.598848, 78.4104, 26.319999
16.775657, 75.089996, 58.793335
16.969617, 76.438873, 23.575
17.310558, 76.565979, 26.309999
17.032724, 71.229888, 58.273334
16.543214, 71.812042, 33.668335
17.015008, 77.481536, 63.79346
16.709798, 78.401947, 43.901275
16.687444, 79.132751, 38.60218
16.527328, 74.238952, 34.064998
16.593053, 76.585022, 16.954999
33.63599, 75.940094, 105.10307
16.659296, 74.329559, 46.830001
17.218803, 71.794189, 36.54
16.786798, 72.703857, 16.256666
17.149492, 73.455688, 37.538333
17.127485, 78.007873, 14.593333
17.25864, 76.310455, 50.227981
16.666687, 77.15036, 33.293716
16.814083, 71.049804, 22.395
16.721057, 71.618377, 29.556667
17.134014, 74.169616, 22.302499
17.111639, 76.252502, 78.625473
17.351568, 71.282501, 63.135475
17.063331, 70.423339, 37.778331
16.921541, 73.021087, 48.176666
16.738451, 74.215393, 26.873333
16.833112, 76.069915, 28.791666
16.489654, 73.144256, 28.816429
16.778127, 78.247802, 35.599166
17.031297, 77.037567, 18.536666
16.315296, 76.797149, 32.541667
16.690959, 70.448333, 41.259243
17.274379, 72.411071, 51.223331
16.969169, 75.792419, 33.809047
16.70314, 71.417511, 33.201667
17.045244, 60.635223, 43.776668
16.699899, 71.015564, 27.353332
16.719976, 77.539581, 34.525001
16.640426, 74.678802, 28.363332
16.357561, 71.663696, 29.11
16.89772, 70.669097, 33.971191
16.992664, 75.267181, 10.773095
17.015537, 68.749664, 28.272949
16.553663, 73.708618, 12.779999
16.812139, 74.337188, 25.623333
34.2845, 76.03363, 136.66166
33.184036, 76.234222, 32.774761
16.662904, 76.749572, 36.470882
16.699502, 73.854248, 74.77333
16.60275, 78.970855, 45.279048
16.886026, 76.288482, 39.255001
16.320203, 77.36557, 35.645
16.53252, 69.631774, 16.526666
16.620327, 71.082305, 20.364999
17.088689, 74.732086, 21.168333
17.354957, 78.361206, 70.853332
16.940494, 80.552917, 18.326211
17.335271, 73.075225, 15.971666
16.78535, 70.137054, 24.36
16.386865, 66.071746, 48.823333
16.618236, 69.640167, 38.948333
16.943779, 72.975738, 52.290386
35.128238, 75.452087, 50.353332
16.933553, 71.965545, 70.580001
16.615015, 72.595001, 16.863094
16.58465, 69.087829, 26.636667
16.831405, 76.387634, 24.814394
16.853231, 76.28302, 35.369762
16.695735, 79.619842, 49.423332
16.689842, 78.940368, 32.293335
16.809202, 76.158752, 42.84272
16.892917, 71.718902, 15.604999
16.359149, 73.227569, 86.93077
16.711847, 73.059478, 40.380001
16.974914, 74.583343, 33.494998
16.600885, 74.047027, 15.074999
16.988506, 74.766937, 51.405391
16.937252, 74.728729, 42.366664
16.96515, 76.395019, 23.083334
34.395481, 73.791809, 76.678787
16.934959, 81.070556, 18.796667
16.872072, 75.485321, 22.156665
16.997476, 68.283233, 34.098331
16.30426, 75.733673, 70.449996
16.867767, 78.090728, 26.134523
16.894849, 74.251892, 11.145833
16.844018, 69.468841, 44.423332
16.881057, 73.17868, 31.031665
16.603666, 73.339111, 58.455001
17.034038, 78.154327, 17.524999
16.994733, 75.65335, 59.212856
17.074752, 72.513244, 33.892879
16.674474, 74.760925, 65.092384
16.721281, 74.048736, 27.149999
16.276123, 74.386535, 39.618331
16.569738, 75.109497, 12.528333
16.531036, 75.810119, 33.309543
16.939569, 74.049713, 43.186668
16.774341, 75.5578, 18.141666
17.123584, 77.279541, 17.049999
16.731332, 75.951995, 26.36
17.154233, 70.286041, 25.641666
16.539098, 70.305999, 35.546211
16.250671, 76.118957, 23.409999
16.794956, 77.415802, 27.344394
16.894798, 75.460845, 18.364999
16.997957, 72.082244, 18.011667
16.640386, 78.475799, 40.772499
16.580095, 72.736053, 13.583333
16.895702, 74.829803, 50.390384
17.167211, 72.747131, 34.733333
32.878315, -1415.977, 59.256538
22.329662, 69.895752, 24.028333
21.751188, 75.466003, 13.156666
40.989078, 73.828338, 14.018333
21.902776, 73.799438, 108.785
42.120361, 75.442749, 22.961666
20.255394, 78.078521, 51.535831
22.069479, 77.982299, 70.89833
21.890556, 74.568023, 30.895
40.861209, 75.236908, 51.576667
19.733009, 80.549713, 176.0162
21.841003, 75.010223, 32.151668