#a1464.txt, PH, ToF, MCP PH
42.120361, 75.442749, 22.961666
41.499389, 74.985961, 6.4483332
41.6609, 70.17633, 16.065
41.860492, 69.299377, 10.97
41.787071, 71.675476, 73.11
41.668071, 73.124908, 31.78738
41.446937, 73.854156, 113.33446
41.387596, 75.349639, 29.126514
42.571487, 77.007324, 26.2
41.887069, 76.235778, 61.150238
41.831527, 74.850372, 54.738334
41.791561, 74.078765, 22.631666
41.416931, 73.720428, 34.733333
42.209964, 74.090728, 37.818637
41.451999, 76.265472, 45.693431
41.382221, 76.039794, 43.704761
41.805782, 74.559295, 82.25
41.61808, 74.504943, 22.666515
42.166664, 74.988525, 42.033332
41.350891, 74.353942, 38.426666
41.581962, 204.6073, 5.2233333
41.523025, 73.665069, 11.975
41.702102, 133.4934, 5.2666668
41.706958, 71.706726, 25.125833
41.348293, 74.85028, 11.826666
41.426036, 74.375854, 75.706665
41.792167, 76.053741, 59.738529
41.41555, 74.213531, 65.121666
41.754901, 74.097259, 38.920715
41.625228, 75.656402, 7.1533331
41.645565, 75.834075, 26.511667
41.326641, 74.7005, 13.159999
41.690704, 73.663421, 87.575149
41.919937, 74.043121, 82.075454
41.408317, 73.298309, 77.081817
41.505523, 74.548675, 89.583274
41.337322, 73.797607, 112.74785
41.846859, 75.14093, 46.656665
41.577316, 74.671081, 13.523333
41.918262, 74.507598, 74.418487
41.375343, 61.143493, 8.4916667
41.37416, 75.297729, 16.24119
41.540515, 75.170623, 27.165
41.391918, 75.482391, 85.066665
41.337135, 73.247406, 56.189117
41.678802, 219.36496, 77.404998
41.562458, 73.899749, 8.458333
41.540084, 74.779083, 13.261666
41.631221, 76.111602, 31.748094
42.13552, 75.565002, 91.246666
41.388687, 75.087616, 10.125
42.351779, 73.874511, 78.642616
41.852829, 74.422882, 36.326667
41.39532, 74.369903, 29.344999
42.326503, 74.611816, 12.255
41.378009, 73.511505, 5.9699997
41.407703, 76.497863, 114.13182
41.776557, 76.44403, 105.22636
41.344448, 76.964019, 104.59447
41.799285, 74.921752, 20.64738
41.438823, 77.532531, 111.82534
41.546321, 74.671081, 33.847049
42.025425, 75.439453, 48.194213
42.262218, 75.200408, 48.039615
41.994617, 73.016998, 30.021667
42.010582, 76.289215, 56.626667
41.667472, 75.055023, 87.776664
41.558216, 73.446746, 178.24415
41.89598, 76.307098, 124.5867
41.83995, 74.30664, 21.576665
41.491981, 71.995788, 18.104999
41.683368, 73.553649, 52.647983
41.521881, 73.486175, 23.698333
41.342247, 75.568054, 130.63592
41.533866, 76.285095, 19.341428
41.737731, 76.118286, 31.121666
41.830696, 72.230987, 77.565002
41.485145, 75.909973, 57.849617
41.413139, 76.129058, 23.101667
42.140754, 73.940795, 49.406665
42.058448, 72.781005, 48.822895
41.829887, 74.825653, 31.576665
41.713352, 73.896667, 111.40679
42.400764, 76.432434, 44.37976
41.471721, 75.111999, 62.909999
41.476211, 73.676666, 46.125
42.028102, 74.398101, 74.900001
41.584102, 76.497314, 51.638847
41.687793, 76.301422, 47.113205
42.002986, 74.743438, 8.2916669
41.363967, 74.318969, 28.039871
41.322509, 72.709686, 50.511665
41.510696, 76.499054, 145.72424
41.408092, 74.389404, 145.78175
41.840507, 74.293151, 30.11
41.358558, 493.01885, 5.1933331
41.330585, 74.632385, 54.555
41.50241, 353.67189, 5.3230953
41.76213, 74.491516, 14.963333
41.416011, 73.879119, 139.72769
42.141628, 74.84082, 77.204803
41.322914, 72.25531, 46.758335
41.885513, 76.558136, 20.718334
41.361984, 76.243255, 5.8733334
41.441612, 73.866668, 28.004999
41.927425, 75.230102, 176.1314
41.543006, 76.70227, 7.5866665
42.198177, 75.191436, 73.89167
42.176219, 75.591186, 61.93238
41.614288, 73.61795, 60.556667
41.539279, 74.893188, 77.871666
41.358017, 73.988342, 37.130001
41.404678, 75.262268, 20.869167
41.483932, 73.086303, 38.011665
41.511657, 74.608337, 13.356666
41.364894, 546.86482, 5.1116666
41.542003, 75.253936, 57.581062
41.422737, 75.310546, 56.114761
42.402866, 74.022186, 45.494998
42.337379, 74.804748, 70.904998
42.221851, 75.060302, 35.330001
41.980926, 75.619628, 32.758335
42.039859, 75.536377, 100.66477
41.926784, 74.312133, 46.13705
41.717189, 73.979522, 18.27
42.119396, 74.661346, 44.257549
42.424526, 73.912262, 71.651374
42.064552, 74.016693, 130.17402
42.346687, 74.493255, 94.493331
42.340827, 76.753845, 83.08625
42.154396, 74.2807, 46.081665
41.78329, 74.539642, 74.0
41.992279, 74.025299, 76.803337
42.026222, 74.932617, 62.76794
41.799846, 74.680908, 11.601666
41.908241, 74.528228, 123.91551
42.33942, 76.228485, 29.726667
41.563873, 72.868103, 33.19318
42.474777, 76.230865, 25.125
42.044906, 72.070495, 29.729999
42.065582, 74.430908, 37.102451
41.701896, 74.789947, 69.922119
41.840427, 74.845642, 45.403183
42.230918, 71.184906, 13.416667
41.909191, 75.374939, 158.35333
42.154132, 75.730957, 62.330238
42.112941, 74.249237, 40.638332
42.019096, 73.918518, 152.3655
41.883216, 76.728881, 76.713333
42.353191, 76.465698, 49.367549
42.243724, 72.132751, 106.27295
41.426227, 77.443084, 49.518333
42.019271, 75.701263, 22.353462
42.121807, 74.861541, 90.123245
42.119453, 73.631317, 82.022117
41.892749, 75.402008, 18.209999
42.694084, 74.676849, 30.968334
42.186969, 75.6763, 19.354486
41.888286, 74.530883, 106.72333
42.407032, 73.961517, 10.118332
42.38351, 73.180297, 72.263938
42.039341, 74.868377, 43.453334
41.448738, 74.491394, 54.654998
41.954982, 75.444519, 25.923334
42.020214, 74.302398, 27.44
42.155647, 72.199768, 138.5372
41.994171, 75.438446, 11.975
42.417991, 74.389495, 19.899999
42.344356, 76.798339, 20.4325
42.121067, 74.468719, 37.113334
42.065544, 73.949676, 44.965301
41.718238, 74.298248, 63.331085
41.828575, 75.016235, 88.653335
41.853801, 75.003387, 19.451665
42.336223, 74.450958, 41.961666
42.317222, 74.687042, 24.813333
41.73936, 76.408203, 20.041666
41.992256, 76.726928, 38.124046
42.303321, 75.158874, 52.318725
42.099105, 74.188079, 74.612564
42.307445, 73.155578, 180.76579
41.663101, 75.56427, 73.305
41.88945, 76.325256, 25.053333
42.113304, 73.018127, 24.773332
42.024093, 74.482757, 78.470504
41.63808, 74.550231, 68.574165
41.80471, 75.903015, 106.51145
42.379718, 74.564025, 81.109741
42.178897, 73.090423, 72.226768
42.134517, 75.435699, 109.71333
42.170108, 74.137207, 79.076667
42.63982, 74.402252, 21.553333
41.872356, 74.162811, 117.19479
42.642818, 73.193206, 73.498336
41.680057, 73.296264, 58.709873
41.95758, 72.997314, 30.246538
42.581855, 72.57962, 118.30954
42.420169, 74.758392, 24.183332
42.23146, 72.916381, 35.935001
41.992565, 74.864929, 35.348331
42.301376, 75.058471, 106.71405
41.964485, 74.138671, 116.39078
41.757606, 76.00531, 31.061969
41.783599, 74.9487, 22.309166
41.799388, 74.379333, 113.58499
42.052871, 76.838806, 9.6983337
42.230537, 73.964294, 89.202896
42.403038, 73.222106, 114.01551
41.493656, 74.93692, 96.678047
42.641315, 74.607452, 57.27
42.244361, 74.756622, 53.011058
41.854648, 74.939605, 150.31416
41.946212, 73.818908, 72.794166
41.509021, 74.328308, 166.54956
42.65604, 73.329376, 13.619999
41.923297, 74.01477, 60.269546
42.110046, 72.720031, 37.154998
41.99496, 74.337432, 75.444999
42.042064, 74.471099, 83.773391
42.371894, 76.503295, 85.124771
41.976623, 76.284881, 68.521026
42.387455, 73.962799, 92.626289
41.611255, 77.330871, 7.1683335
42.717701, 74.244415, 31.386667
42.120872, 73.03778, 65.683837
41.558757, 75.425537, 105.96976
41.761943, 74.345825, 42.315834
41.920604, 74.462341, 7.6283335
41.79726, 73.133331, 65.985
42.208847, 75.611541, 21.363332
41.826015, 73.621063, 17.303333
41.667144, 75.230529, 60.384998
41.457603, 74.940795, 44.841667
42.327957, 76.331481, 24.551666
41.56229, 75.390502, 28.845909
42.340934, 74.07254, 123.08206
42.114456, 74.984344, 137.44317
42.158336, 73.265228, 57.956905
41.799434, 73.521087, 79.794998
42.195106, 75.877258, 29.406665
41.796802, 74.124389, 78.207275
42.398002, 76.340759, 44.61539
41.720371, 74.622589, 118.64666
41.939765, 74.446594, 30.473461
41.905231, 75.296936, 109.37023
42.000373, 75.29422, 70.692123
41.668594, 74.830078, 30.121191
41.398597, 76.958709, 53.966594
42.213417, 74.608215, 48.361667
42.355316, 75.064483, 32.083332
42.768184, 71.990966, 25.309999
42.412628, 75.138031, 15.553333
41.975933, 74.84375, 83.885475
41.829612, 75.255218, 43.011665
41.823005, 74.043762, 10.566666
42.420883, 75.363861, 73.679092
41.828544, 75.104888, 31.550714
42.253715, 73.583465, 90.425476
42.52106, 74.244537, 95.562393
41.629871, 75.204528, 53.628334
42.150901, 74.928955, 40.397808
41.545589, 76.8768, 51.243331
42.373138, 73.656616, 12.023333
42.334602, 75.523742, 64.449996
42.610797, 74.383667, 62.483333
41.797405, 73.369995, 62.621666
42.233421, 73.240936, 41.633335
42.007076, 74.913452, 89.624168
41.902698, 73.833496, 34.941665
42.442398, 75.340026, 24.704999
42.364151, 73.928833, 45.358333
41.638813, 76.469329, 130.68438
42.163398, 74.300354, 135.35473
41.738079, 74.581207, 100.55146
41.386192, 71.587585, 6.4349999
42.154216, 76.015136, 11.694523
41.660343, 74.423339, 33.909847
42.121017, 74.101654, 88.983696
42.098426, 74.434692, 48.819522
41.95467, 76.440979, 50.638332
41.976379, 75.423278, 17.223094
42.152103, 73.647766, 51.011665
42.029853, 74.221588, 86.426666
42.133728, 74.131286, 74.065002
42.048698, 76.098266, 28.978332
41.691227, 74.530792, 49.391471
42.179863, 73.556213, 82.801666
42.12598, 74.883941, 66.128845
42.444507, 71.84497, 48.869091
42.289844, 76.364349, 19.453332
42.818737, 73.809722, 21.539047
42.113906, 76.870819, 27.096666
42.032112, 74.397094, 6.3816666
42.05352, 73.76477, 46.84
41.827301, 74.796142, 39.11705
42.344863, 74.59674, 27.064523
42.245174, 74.983276, 10.932499
42.013584, 73.798156, 64.018676
42.492027, 75.18222, 105.91083
41.986278, 74.323364, 96.09024
41.445785, 75.768035, 26.606666
41.893905, 74.924896, 36.156517
42.84127, 74.595031, 33.474998
41.906978, 74.664093, 84.031669
41.439331, 75.881042, 58.630001
41.922069, 73.376983, 121.52249
41.723686, 74.533874, 175.94705
41.829334, 74.817443, 19.54
42.455894, 74.034759, 37.214763
41.665733, 74.924865, 43.811668
41.603794, 73.860199, 81.089584
42.136928, 75.971527, 22.781665
41.493927, 72.892456, 124.27944
41.789611, 76.037506, 32.377819
42.276943, 73.103546, 214.85153
42.12442, 76.482269, 27.159999
42.077606, 77.736175, 7.1149997
42.110137, 76.765014, 66.843574
42.609508, 70.775604, 12.861666
41.990367, 75.439086, 31.340127
42.076076, 74.994659, 52.91143
42.306114, 73.414428, 42.413246
42.161178, 76.760803, 30.041666
41.974437, 75.431121, 39.781665
42.223831, 75.369934, 87.095893
42.730629, 76.321716, 89.044357
42.288097, 72.213958, 90.177497
42.000061, 74.252288, 59.440239
41.811927, 74.295837, 148.32782
41.868648, 72.948425, 30.745832
42.807399, 72.14746, 54.224487
41.610382, 76.180969, 112.01999
42.233898, 75.484924, 63.32357
42.080452, 74.400177, 114.27166
41.439735, 74.759521, 13.725
41.758953, 72.604522, 85.581665
42.389362, 80.574127, 5.7392425
42.023513, 75.285644, 12.601666
41.99076, 74.576812, 60.473331
42.036682, 72.13797, 190.9974
42.454647, 73.709137, 10.8125
41.842468, 74.810699, 92.426666
41.791713, 74.676574, 18.001667
42.185733, 74.749145, 19.237381
41.923088, 76.234588, 42.602916
41.612468, 74.696685, 104.00833
42.057128, 75.325744, 115.44897
42.352066, 74.759277, 33.033462
41.814865, 75.51535, 66.541084
42.403186, 74.923187, 61.853031
41.627986, 75.020477, 30.758333
42.113353, 74.408691, 107.61094
42.159275, 73.73291, 113.30628
41.436008, 72.574829, 54.790714
42.348892, 75.620544, 51.300834
42.181167, 73.618591, 94.342781
41.655708, 74.62146, 91.670364
41.991607, 74.420166, 65.108329
41.827152, 73.515899, 69.117805
42.405365, 76.632232, 119.00833
42.187885, 75.681793, 5.4283332
42.515293, 73.890838, 25.091667
42.253269, 74.953704, 108.45076
41.820156, 75.290222, 50.641666
42.430858, 74.849395, 116.00978
41.483253, 74.167755, 58.756248
41.960506, 74.95285, 12.828332
41.881218, 75.635101, 55.968334
41.323009, 76.307922, 57.709999
41.989399, 76.177551, 18.0825
41.907295, 73.468811, 151.48912
41.732406, 73.843811, 90.944999
42.307182, 75.197052, 27.778333
42.260582, 76.187439, 65.331665
41.931388, 74.339355, 142.78523
42.603641, 75.793518, 71.097549
41.893268, 75.910705, 32.426513
42.845245, 74.241943, 119.6653
42.613842, 75.282836, 12.108333
41.991004, 74.582977, 83.300506
41.597755, 73.664001, 68.449523
41.848964, 73.030517, 28.691667
41.754509, 75.669921, 20.303333
42.133697, 74.479156, 97.650001
42.342197, 74.649108, 33.439167
42.584034, 74.428314, 24.431667
42.047817, 72.930114, 23.113332
41.522743, 75.442901, 101.59833
41.738586, 75.028625, 24.055833
42.112964, 74.633239, 124.75583
41.745922, 75.012817, 18.131666
42.43618, 77.602996, 11.896666
41.749034, 73.985351, 18.641666
41.618618, 75.989318, 77.964996
42.015911, 75.094329, 35.681667
42.581272, 74.075988, 29.323333
42.294757, 75.182037, 22.463333
41.878494, 73.13916, 7.3466668
41.742591, 74.726318, 10.247857
41.93185, 73.979583, 46.616664
41.673652, 74.551879, 67.389564
42.44189, 76.132904, 137.63999
42.180126, 73.018798, 58.226516
42.178497, 74.417388, 164.32923
42.162227, 75.155426, 36.883335
42.291828, 76.367157, 41.736667
42.528766, 74.455169, 37.768333
41.378784, 74.944458, 68.183433
41.908348, 74.249328, 12.998333
42.089061, 75.944213, 23.248636
41.996765, 76.668823, 65.35083
41.908199, 74.373443, 92.868331
41.78741, 77.226501, 50.53881
41.716209, 71.8862, 49.480384
42.282795, 74.41748, 43.46693
41.748558, 76.022247, 61.264762
42.688915, 75.925567, 7.2033333
41.373249, 75.264831, 16.645
42.491741, 75.725738, 58.076667
42.29417, 75.123046, 88.647941
42.213451, 74.203033, 95.847694
41.960231, 74.802948, 18.644523
41.591938, 74.924865, 80.548812
41.473526, 75.459808, 82.312393
42.136371, 75.203796, 46.35147
42.125705, 75.695495, 5.5816664
41.717289, 75.01242, 74.821662
41.843822, 74.464111, 98.255096
42.634819, 74.893951, 23.51
42.11967, 74.763275, 90.40979
41.512313, 74.183227, 34.746666
42.053501, 73.605712, 185.17166
41.982521, 72.442779, 38.65924
41.758709, 73.259246, 67.595001
41.762252, 74.062591, 86.153244
41.656978, 72.923858, 77.188331
41.94733, 74.267395, 89.329544
41.374633, 73.392822, 10.478333
41.829322, 74.192962, 51.242916
42.206367, 76.090087, 16.178333
42.252025, 72.933807, 121.82877
41.851371, 75.860748, 65.743331
41.84156, 74.564727, 41.546665
41.760658, 72.271331, 75.139762
42.2289, 74.461517, 78.26667
42.402729, 72.636505, 87.775001
41.910442, 73.775207, 75.332366
42.410339, 73.381744, 24.103332
41.446361, 74.932281, 35.891971
42.477668, 75.43103, 68.329521
41.889995, 75.351684, 88.120002
42.206771, 76.079895, 27.741666
42.382568, 74.445739, 69.754356
42.309692, 75.445373, 46.466514
42.314884, 74.180206, 144.58953
41.86557, 72.890106, 48.041969
42.782413, 73.54187, 80.168098
41.682086, 74.450958, 37.646667
41.636844, 75.588439, 93.971427
42.451385, 72.977478, 90.661666
42.011955, 74.324859, 16.846666
42.345848, 75.749877, 125.80621
41.394825, 74.453125, 204.92173
42.067474, 76.76361, 64.89212
41.927913, 73.331024, 57.712059
42.10836, 73.758331, 19.174999
42.223712, 74.45346, 53.874393
41.92905, 72.79953, 39.146251
41.741939, 74.524749, 55.11
42.262321, 74.852752, 17.558332
42.317184, 75.404846, 33.473331
41.937011, 76.524353, 67.720001
41.498561, 75.58255, 9.4266662
42.160366, 73.826202, 34.106212
42.019565, 74.56961, 132.67016
41.903629, 75.319213, 101.62743
41.590816, 74.456298, 24.166666
41.826122, 74.133056, 47.257808
42.426017, 75.992584, 49.526668
41.929222, 76.45523, 18.755512
42.258987, 74.744964, 6.9250001
42.300941, 73.292755, 48.27
42.298812, 75.62677, 20.523332
41.555919, 75.263031, 57.739048
42.593544, 74.61267, 26.176666
41.5358, 73.565826, 44.703334
42.331661, 75.339355, 48.857822
41.57143, 74.101623, 101.22743
42.494884, 74.618164, 165.51988
41.772666, 75.298248, 12.489999
42.245029, 75.908966, 42.064392
42.317943, 77.750732, 29.828332
41.986473, 75.517028, 121.44551
42.013439, 73.406524, 73.18
42.208328, 73.852325, 139.16317
42.077438, 73.894897, 30.015302
42.000762, 73.33319, 8.0
42.728035, 73.365661, 33.33184
42.142818, 75.298065, 24.133333
42.02771, 75.081695, 51.338096
42.647708, 75.185974, 74.599998
42.260307, 75.374267, 23.479999
42.233581, 74.73767, 26.414394
41.878047, 74.193084, 63.665
42.231433, 75.169555, 60.744472
41.432075, 74.482849, 61.588333
41.947948, 75.785736, 78.1175
42.104686, 75.693603, 36.171062
41.999027, 75.301605, 63.606666
42.212608, 75.154541, 62.177379
41.373207, 74.907959, 76.856582
42.03321, 75.437011, 13.531666
41.83852, 72.886718, 50.944763
42.479389, 74.331878, 37.108333
41.714637, 75.496185, 47.851665
42.548324, 74.715637, 23.334999
42.316757, 75.903808, 54.391429
42.122512, 74.856231, 40.401668
41.787715, 71.581298, 60.822574
42.054603, 73.303436, 86.970771
41.90673, 75.331726, 54.452915
41.886127, 73.403015, 159.47666
42.38713, 73.599426, 11.51
42.159618, 74.765014, 80.890609
41.501388, 77.16806, 9.3916664
41.758625, 74.305755, 81.053596
41.990436, 74.808746, 71.954422
41.943237, 75.360809, 52.314998
41.975685, 73.453979, 47.590263
42.280067, 74.576721, 29.138334
42.173763, 72.472106, 23.045
41.993465, 74.737884, 29.313461
41.874015, 74.090881, 126.89833
42.013092, 73.992523, 35.801666
42.157909, 75.723785, 93.783073
41.509117, 76.354064, 42.354606
42.05326, 74.001525, 28.25
42.221878, 73.692382, 90.286666
42.188522, 75.360168, 32.709999
41.602333, 76.852783, 18.241666
42.394153, 74.257995, 79.800003
41.849311, 73.37445, 66.089286
42.215114, 73.347991, 25.594524
41.576469, 76.182189, 45.994998
42.348384, 75.44522, 75.047172
42.033756, 71.621643, 45.356903
41.82394, 74.676116, 10.268333
41.732776, 75.868011, 21.660715
41.951404, 73.002288, 89.077858
42.169006, 76.182617, 5.6750001
41.678787, 74.911743, 89.546447
42.561725, 75.83966, 78.999443
41.422664, 76.495605, 132.24969
42.080902, 71.984924, 76.379997
42.282608, 73.850647, 12.558333
42.177051, 75.196106, 55.649284
42.118141, 71.525054, 158.38197
41.747669, 76.312316, 36.272914
41.827579, 76.722503, 120.11666
42.438762, 75.889068, 51.702915
41.567348, 77.365142, 36.18
41.656494, 74.37146, 80.199996
41.687576, 74.402526, 6.835
42.790718, 74.530731, 75.54
41.776104, 74.667968, 62.168335
41.966693, 75.562896, 24.104999
42.127849, 73.541259, 19.067857
42.504554, 73.608337, 28.102857
42.240692, 75.527374, 45.912879
42.07064, 75.564575, 17.346666
42.802906, 74.026702, 16.43
41.877777, 75.77536, 42.848331
42.163143, 77.352722, 19.398332
41.428737, 77.606994, 93.36
41.802181, 75.725158, 63.876667
42.515113, 75.968689, 64.493331
41.640323, 75.701629, 17.658332
42.154102, 74.920257, 59.040607
42.317867, 75.26593, 25.089166
41.975383, 73.971344, 13.123333
42.774749, 75.299072, 60.296665
42.492595, 76.081115, 20.16119
41.749794, 73.973083, 63.729927
42.017875, 75.656127, 48.879524
41.496669, 74.386901, 104.78488
42.283157, 74.894134, 160.77166
42.126842, 73.673919, 21.075
41.342491, 76.356567, 150.78334
41.608539, 75.921966, 21.900714
41.574497, 75.426086, 13.833333
42.066688, 76.328887, 23.342878
41.878776, 74.530761, 6.9966664
42.184444, 68.083221, 12.508333
41.959121, 73.0625, 95.629386
42.157249, 74.978851, 50.488334
41.768901, 71.009765, 70.227432
42.037468, 75.107147, 62.196579
42.157085, 74.336212, 12.074999
41.556812, 73.875091, 154.41833
41.338722, 75.506347, 16.658332
41.459236, 76.077117, 66.511817
41.794487, 74.114929, 70.423118
41.388141, 73.043304, 74.836448
42.205047, 74.39981, 29.391666
42.467758, 75.125274, 92.685905
42.637039, 76.180267, 18.841667
41.707897, 72.981689, 90.260002
42.42081, 73.696807, 56.199585
41.553569, 72.940826, 46.053333
42.316898, 73.080413, 77.867942
42.434085, 75.77771, 29.861665
42.200859, 74.812194, 52.218334
42.357383, 75.44934, 102.05843
41.447986, 73.486816, 19.854999
42.306789, 74.120727, 23.548334
41.715, 73.676208, 22.713333
41.657497, 76.145202, 62.829582
41.81274, 76.680206, 22.953332
41.811706, 73.840606, 99.722503
41.61763, 73.359497, 158.54319
41.707977, 75.363555, 148.77214
42.159202, 75.394195, 11.835
41.930984, 72.92752, 54.20346
42.187984, 75.653656, 20.006666
42.285991, 73.371124, 40.248725
42.026817, 73.874267, 174.19885
41.774932, 72.869842, 82.656272
41.495555, 74.758453, 45.292877
41.883071, 75.7695, 57.661666
41.877285, 73.91864, 18.764999
41.834182, 73.793029, 50.306667
41.898494, 74.418243, 10.996666
42.490245, 75.927825, 111.27083
41.374115, 76.652618, 50.283332
41.606411, 75.39447, 18.323333
41.349971, 74.144043, 41.95
41.360279, 75.735076, 56.473182
41.5149, 75.078369, 47.26625
41.517372, 74.053741, 11.005
41.935409, 73.916015, 94.906669
41.528846, 73.898498, 124.85564
41.457725, 73.575714, 41.2
41.966213, 76.472503, 44.392879
42.058029, 75.313232, 97.370002
42.037166, 75.461486, 145.1972
41.821575, 73.413848, 97.945343
42.04486, 75.476654, 37.223331
42.032436, 73.820312, 83.166664
42.014987, 76.690734, 25.471666
41.637325, 75.222564, 78.951187
42.243064, 74.902771, 19.459167
42.025024, 74.63507, 90.442146
42.412254, 75.26007, 12.783333
42.301734, 75.900665, 25.876514
42.350818, 73.914032, 10.423333
41.445526, 76.101287, 91.801452
41.71733, 76.822662, 28.973333
42.194274, 74.446075, 83.805
41.380931, 77.487701, 21.026666
42.274097, 72.667541, 213.80049
41.712196, 75.617462, 64.353332
42.11425, 74.720794, 51.170238
42.046352, 73.870391, 57.034999
41.796321, 73.94577, 150.22917
41.613945, 74.584991, 75.995002
41.98973, 75.198364, 26.43238
42.099308, 77.299774, 41.495513
42.068603, 73.994689, 84.596908
41.941604, 77.388824, 43.006794
42.138313, 74.525207, 8.3883333
41.621067, 75.150238, 44.425712
42.009017, 73.753997, 41.861969
41.740543, 74.349731, 92.565002
42.424633, 74.007598, 51.081665
42.109039, 77.037689, 39.080383
41.955745, 75.637359, 54.463333
42.398239, 73.287567, 94.682914
42.018508, 73.766296, 24.132179
42.340889, 76.996368, 79.543029
41.961483, 72.591033, 27.873333
41.408428, 75.700408, 86.069999
41.771408, 75.359771, 92.002777
41.665317, 75.635589, 26.274999
42.181484, 74.838409, 25.027051
42.029953, 75.608306, 35.310001
41.593448, 75.982635, 114.32318
42.262641, 75.103637, 105.44152
42.481102, 72.623779, 80.292427
42.704891, 72.866699, 32.202949
41.382942, 75.149688, 80.356903
41.885559, 75.253295, 49.252918
41.970794, 74.651947, 70.992897
42.525878, 75.579315, 16.834999
41.55286, 77.087219, 46.276668
41.8455, 73.278839, 17.112878
42.791847, 74.514617, 49.619243
41.768562, 74.893585, 17.503334
41.384567, 74.804382, 95.684166
42.160419, 73.686401, 44.973331
41.652961, 75.111816, 86.759094
41.597991, 75.778991, 176.52957
41.660038, 73.380828, 21.426666
42.007881, 72.066589, 21.014524
41.924614, 75.013855, 45.221427
42.506507, 74.192565, 9.8416662
42.210205, 75.044189, 26.133461
42.059307, 75.509918, 19.663333
41.461612, 75.804901, 10.396666
41.845413, 75.864563, 65.584762
41.833461, 70.8992, 86.75
41.803577, 76.403381, 19.788847
41.933536, 73.516662, 53.299522
42.779415, 75.344909, 22.26119
42.320179, 74.272735, 68.032913
41.620586, 74.207366, 22.631666
41.675994, 74.981781, 69.805
41.768001, 76.425323, 40.329582
41.779727, 76.194671, 125.57166
41.749557, 75.661682, 38.161666
41.348804, 76.445282, 99.848808
41.845836, 75.949493, 118.03508
41.883369, 73.691925, 29.17
41.828041, 74.050231, 80.188728
41.675464, 74.986785, 90.208976
42.076782, 76.056213, 70.695755
41.66344, 73.295135, 13.294524
41.763378, 75.16986, 31.167856
41.883686, 75.869934, 83.64167
41.425655, 75.901062, 65.314163
41.897804, 74.992126, 68.988334
41.76865, 76.968414, 20.609762
42.008518, 75.694793, 48.911155
41.700611, 74.345245, 50.063331
42.092838, 74.111877, 124.17333
42.243019, 75.168731, 105.24333
42.427887, 75.300476, 50.019046
42.282848, 75.762878, 29.57197
41.836982, 75.597747, 149.97833
41.636596, 74.863098, 62.558136
41.932025, 74.894592, 52.346569
42.172252, 76.668792, 27.023332
41.699798, 76.46875, 122.55025
41.918106, 75.639465, 208.53703
41.987857, 75.651428, 22.846666
42.57418, 75.947387, 72.379997
42.2117, 73.929046, 24.676666
41.840763, 75.159881, 40.145
41.785667, 75.732025, 74.625701
41.603149, 73.03305, 28.766666
41.906837, 75.179962, 45.556667
42.723682, 75.166229, 133.96095
42.348011, 76.319549, 67.702453
42.289257, 71.789581, 46.689998
41.604312, 73.471649, 35.958332
41.542743, 75.187103, 47.626667
42.101158, 73.602356, 49.84
42.147914, 75.45935, 130.95277
42.65084, 73.683075, 56.159999
42.088237, 76.137573, 40.939167
42.025051, 75.863952, 58.416667
41.653278, 71.204376, 42.413333
41.896427, 76.475769, 51.634998
41.97713, 74.983581, 92.818565
41.862106, 74.855957, 33.838333
42.130245, 75.382507, 51.863597
41.988227, 72.014129, 46.333461
42.328731, 75.548278, 24.301666
41.878646, 73.344512, 20.771667
42.229267, 75.316741, 22.942575
41.895404, 75.972747, 19.458334
42.295867, 73.638122, 30.524999
41.890167, 75.463348, 127.44
42.219013, 73.789367, 58.225513
41.366638, 72.65744, 28.0725
42.139236, 74.830413, 65.775001
41.969402, 72.698944, 58.059902
41.596443, 74.625488, 144.58047
42.339695, 74.590118, 24.856666
41.760482, 75.090698, 158.17047
42.500724, 76.157745, 184.04478
41.720897, 76.951751, 82.565002
41.786186, 75.716735, 28.028333
41.695522, 76.02069, 33.576667
41.619976, 77.428192, 21.387727
41.521366, 74.683532, 30.369545
41.564949, 75.206543, 42.388332
42.048896, 73.909332, 55.201816
42.561382, 75.814697, 156.16095
42.428966, 73.98471, 157.00047
42.007366, 72.869659, 54.421428
41.977119, 72.031036, 110.81262
41.703022, 73.414764, 16.406665
41.730323, 75.115295, 26.179761
42.78939, 405.92866, 7.4764285
41.639099, 74.713195, 14.06
42.385765, 74.535003, 23.553333
41.764934, 72.822082, 30.673334
41.683204, 72.322479, 84.156265
42.246109, 75.178039, 36.823719
42.120769, 75.579376, 136.50979
42.348667, 73.727386, 88.193336
41.922073, 76.443542, 26.504999
42.268512, 75.855224, 79.327026
41.862606, 74.209411, 135.59652
42.014507, 73.496368, 80.918335
41.720287, 74.863433, 28.843204
42.376781, 75.660675, 52.098094
41.842861, 76.266082, 48.555
41.802661, 74.848632, 30.626667
41.322334, 74.403961, 100.00954
42.002048, 75.507904, 52.884998
42.353923, 75.394287, 26.163333
41.92139, 74.605041, 34.391666
41.866748, 74.406616, 55.181667
42.488647, 73.340698, 63.694999
41.336818, 74.242187, 6.2883334
41.452678, 75.182891, 37.470001
41.504222, 74.522094, 63.722618
41.369369, 73.366027, 33.841667
42.324943, 73.378418, 26.155834
42.058689, 74.164703, 9.0466671
41.88972, 73.526031, 77.875
42.130287, 74.24768, 33.724998
42.039436, 74.254089, 95.724998
42.066974, 75.77771, 56.998333
41.824996, 75.453064, 60.079582
41.549751, 74.575683, 70.826248
41.383689, 74.831207, 36.583717
41.665546, 74.26828, 31.365909
41.690956, 74.049377, 13.371666
42.366062, 75.50003, 131.7093
41.903034, 75.147918, 47.282917
41.954944, 74.066497, 94.696113
42.03646, 74.018768, 100.46131
41.846046, 72.802398, 147.68371
41.968883, 74.77478, 23.369524
42.018871, 75.752075, 12.358333
41.701931, 74.824188, 102.10339
41.729591, 74.803405, 27.646667
41.606704, 74.384033, 145.25982
41.663463, 76.717071, 38.50106
41.93032, 76.474945, 36.306251
41.596157, 74.21878, 65.52214
41.632152, 72.1156, 6.7866668
41.595249, 75.503418, 105.91333
42.244468, 72.423919, 25.17
42.018402, 74.600158, 45.882877
42.259986, 74.301269, 14.903333
42.411617, 74.402984, 32.479999
42.113849, 73.038055, 110.44333
41.396369, 73.886688, 29.658332
42.351848, 74.604766, 141.62159
42.68293, 76.738555, 55.168094
41.775844, 74.712646, 24.291061
42.534065, 75.395752, 60.895
41.405029, 73.885376, 49.088333
41.75238, 75.088501, 121.90479
42.46001, 73.785491, 52.389999
42.270828, 72.464386, 233.13243
42.392646, 72.368927, 14.384047
41.891449, 75.299926, 85.972381
42.184642, 73.875122, 9.5249996
42.024089, 75.80307, 37.649581
42.171814, 75.555328, 26.339761
42.07658, 73.850097, 109.77547
42.590267, 74.712799, 53.618331
42.030448, 73.915832, 11.595
42.069137, 73.628021, 31.653333
41.840324, 75.186859, 14.454999
41.576328, 73.634491, 126.48666
42.109935, 74.603515, 20.829166
41.462871, 76.727966, 29.936666
41.696666, 74.429046, 61.658332
41.767551, 76.117584, 39.080001
42.03812, 76.320282, 18.464048
41.873867, 76.027099, 81.914421
42.488849, 77.060943, 39.999523
41.656662, 76.219512, 118.80545
41.618881, 77.72882, 23.834999
42.531524, 75.633636, 60.656665
42.336956, 74.500427, 39.08881
42.701862, 432.78291, 5.3916668
41.518756, 74.354278, 118.33
41.459476, 74.996246, 22.913095
41.595592, 76.036163, 19.985834
42.193172, 73.725677, 9.4750003
42.191978, 75.821258, 128.49499
41.655391, 76.185791, 47.708332
41.85392, 72.565246, 99.59262
41.833438, 73.927215, 32.580001
42.133415, 75.605682, 37.551189
42.013382, 75.173461, 17.883333
42.122924, 75.468719, 138.16703
41.612049, 76.068664, 45.332542
41.501205, 73.697204, 15.603333
42.81073, 74.577636, 50.547821
41.690059, 74.766357, 37.656665
42.020458, 71.677887, 133.31881
42.241516, 59.505279, 17.278333
42.073963, 74.121124, 23.192499
41.875358, 74.082275, 156.1
42.121696, 73.653991, 34.763462
42.111415, 77.901702, 48.902381
42.000347, 75.13269, 20.728332
42.141433, 74.741272, 23.825
42.241138, 73.880584, 44.263332
41.563053, 78.043701, 11.061666
41.972309, 76.977447, 134.11357
41.899173, 74.398315, 102.38999
41.819908, 74.84674, 15.31
41.537616, 75.364379, 48.538333
41.860649, 74.321167, 70.569229
42.075256, 72.351532, 12.791667
42.159675, 73.358429, 49.248848
42.026012, 75.057006, 18.156665
41.925781, 73.986633, 12.141666
42.538261, 75.030944, 56.731666
42.170288, 75.659729, 14.598333
42.315994, 60.91336, 37.651668
42.109199, 74.644805, 95.811821
41.749877, 75.072601, 45.305194
41.36753, 73.302856, 48.546283
41.478996, 74.132232, 84.739997
41.373264, 75.106994, 54.78643
41.823009, 74.244934, 145.7825
42.050209, 75.625091, 115.44249
42.377841, 74.949462, 79.909118
42.344329, 75.768066, 24.136667
42.24765, 73.912628, 8.0100002
41.928714, 72.490051, 25.346427
42.651168, 75.742401, 39.919544
42.291957, 77.474151, 13.685
42.242454, 74.193786, 26.963333
41.976142, 74.812194, 154.83979
41.970645, 75.135437, 36.046665
42.11959, 75.113525, 109.18325
42.510654, 73.096099, 50.349998
42.232086, 72.166717, 76.510238
41.878418, 75.770629, 45.456665
41.991928, 73.853302, 109.14944
42.362823, 74.430572, 77.245712
42.57695, 75.46286, 25.563333
42.163887, 71.415496, 139.43167
41.790344, 74.588409, 33.593334
41.691497, 74.264862, 90.765831
41.5662, 73.478729, 90.876228
42.260314, 74.871704, 89.735229
42.428665, 76.466156, 15.731666
42.535759, 75.606933, 21.215
41.586151, 75.961059, 55.903205
42.286937, 73.599884, 111.23986
42.10535, 73.598999, 38.654392
42.403709, 74.226959, 58.461666
41.628658, 75.90686, 23.53
41.865913, 75.747833, 49.191665
41.526504, 75.237243, 22.443332
42.01176, 75.00299, 74.96212
42.675808, 75.109222, 33.028331
42.471397, 74.302948, 48.459903
41.813484, 71.819366, 46.33245
42.34864, 74.852356, 29.811666
41.888828, 75.718811, 112.58166
41.949424, 74.074005, 10.835
41.877594, 74.753936, 33.630001
41.638282, 72.918029, 71.759521
42.016635, 76.782043, 17.129999
42.026626, 74.977813, 5.8816666
41.68148, 75.940582, 8.4416666
42.534263, 74.555847, 103.24201
42.112976, 75.866638, 62.123333
42.267326, 74.522216, 43.853717
41.727886, 74.503662, 90.440002
42.18898, 76.262268, 7.9958334
41.89941, 73.984741, 42.123333
41.959728, 76.469818, 31.478332
42.021141, 75.525299, 39.276668
42.247371, 75.69989, 25.956666
41.67234, 75.31668, 158.5539
42.031536, 74.657592, 73.673942
42.534664, 74.237823, 49.669998
42.245445, 74.497833, 28.688333
41.968189, 73.585815, 36.973331
42.518932, 73.049652, 64.279998
41.773586, 74.988281, 86.619445
42.319751, 76.037963, 27.45
41.78862, 74.22647, 86.869445
42.228576, 75.527404, 34.111667
41.588386, 76.789733, 51.2
41.818565, 75.286804, 44.69794
41.717281, 75.377777, 51.123333
41.813816, 74.626495, 59.619903
41.427803, 75.024017, 46.375
42.412101, 75.499755, 39.224487
42.341144, 75.4906, 115.96659
42.024498, 75.327758, 33.829525
42.259777, 73.966735, 64.355003
41.51025, 71.630371, 54.206665
41.760921, 73.580261, 49.54956
42.609611, 73.347961, 95.072143
41.372566, 73.311981, 155.81832
41.984592, 76.513641, 42.516902
42.017185, 73.080749, 24.581666
42.208076, 75.500457, 82.136665
42.235076, 75.034332, 5.9316668
42.488815, 73.954132, 157.35137
41.841972, 74.788024, 24.361665
42.294269, 73.490264, 113.45806
41.77806, 74.101257, 11.353333
42.215522, 74.483703, 76.512146
41.393638, 74.803863, 88.809585
42.088813, 73.694549, 12.489999
41.992347, 73.670898, 29.866666
42.321418, 74.491638, 136.13368
41.829055, 79.167755, 7.0383334
42.079471, 74.192596, 43.721668
41.437118, 73.275634, 30.969615
42.160446, 75.547454, 5.5816664
41.964241, 75.563385, 58.939998
41.882709, 74.808715, 23.396667
41.76197, 75.287963, 27.308332
42.020019, 76.896331, 125.89315
41.742115, 75.000824, 76.706665
42.113544, 75.101379, 11.923333
42.237133, 74.143096, 42.571155
41.841945, 74.965179, 56.675952
41.887691, 75.772827, 95.970001
41.586631, 72.271301, 53.861316
42.224933, 73.376709, 72.380096
42.080726, 73.755462, 18.263334
42.318359, 75.946075, 71.855003
41.33601, 75.164581, 25.668094
41.909393, 74.554321, 79.506668
41.962799, 74.479492, 64.382621
42.402111, 74.440856, 63.064998
41.840278, 74.566253, 96.773246
41.44836, 76.371551, 48.424999
41.990951, 74.88739, 92.952056
42.351509, 72.615081, 70.055
41.986053, 74.808654, 80.230239
41.659362, 75.517089, 173.21295
41.931736, 73.749115, 38.61
41.384552, 72.79248, 78.661468
41.74403, 73.792297, 23.906665
41.730373, 77.408111, 7.7916665
42.142459, 75.509643, 51.159523
42.419166, 74.209777, 91.181663
41.3763, 76.835632, 68.975784
41.619915, 73.7695, 5.69
41.41003, 74.339843, 39.509849
42.119804, 76.107116, 40.231666
41.780143, 74.366333, 8.5749998
41.720546, 73.65686, 40.963333
42.073303, 75.371734, 77.727432
42.716697, 74.155975, 40.239048
42.252552, 75.714813, 63.560001
42.260463, 74.305175, 8.6766662
41.912689, 74.835266, 21.805
42.230411, 76.006408, 23.602857
41.605907, 75.25119, 14.71119
42.311618, 75.671752, 21.763334
41.948223, 74.305297, 29.564523
41.597129, 76.872711, 35.162879
41.470005, 72.742889, 173.77638
42.039184, 74.839965, 75.603843
41.887615, 76.220916, 91.904998
41.765201, 73.987548, 39.428333
41.730121, 75.004638, 61.113235
42.522762, 73.40924, 67.275001
42.002105, 75.097015, 23.118333
42.214401, 74.518737, 37.854999
42.035186, 76.265411, 36.551666
41.868946, 74.736206, 89.896667
42.219062, 73.39804, 45.002178
42.874504, 74.774017, 112.84262
42.348293, 72.571929, 41.804393
42.239742, 74.835357, 62.606109
42.376075, 74.338867, 47.233203
42.17691, 73.744201, 112.02666
41.947338, 75.507629, 72.403244
41.741577, 74.716674, 64.588333
41.824607, 75.247345, 8.9399995
42.082439, 73.511474, 48.16143
41.690593, 74.124267, 37.016212
41.642776, 76.441833, 72.206596
42.044166, 72.967498, 92.276725
42.139923, 74.488464, 58.08987
42.193119, 74.390502, 85.600364
41.989479, 71.854553, 73.889038
41.802097, 76.572021, 94.630912
41.920127, 72.853607, 94.562927
41.85923, 73.910217, 176.76499
42.241199, 75.294281, 19.286666
41.814029, 76.269683, 130.39166
42.491634, 74.195129, 44.298332
42.29668, 74.200531, 63.438331
41.889293, 75.602905, 45.285301
42.412311, 75.93396, 19.028846
41.794513, 76.817718, 67.464996
42.639171, 73.861908, 101.77928
42.049091, 74.140045, 15.768333
41.972248, 74.569122, 85.779998
41.321769, 76.615692, 37.189167
41.723823, 73.256134, 45.670383
42.367965, 75.910491, 13.975
42.454856, 75.370697, 18.17
41.809124, 74.940246, 144.25929
41.817218, 76.061248, 94.793335
41.684669, 76.816375, 36.766189
42.151691, 75.606811, 30.098333
42.023971, 74.307281, 19.313333
41.923111, 75.561431, 30.036666
41.85168, 74.133422, 67.565155
41.57043, 75.41687, 52.775302
41.90398, 76.305725, 136.9179
41.882618, 73.780334, 102.00456
42.147102, 74.57135, 151.99833
42.687076, 73.683685, 53.131668
42.277919, 74.855285, 8.3266668
41.863014, 74.522735, 84.709999
42.15958, 76.031738, 79.134765
42.22396, 74.560943, 46.021667
42.278511, 72.950927, 113.32671
41.920982, 74.752227, 150.88928
42.024951, 74.477783, 45.758335
42.219833, 76.063598, 115.28277
42.012451, 75.119873, 62.478332
41.815723, 73.625213, 52.836513
41.831993, 72.869781, 15.144047
42.042484, 75.291778, 6.4183335
42.123947, 75.133544, 47.415
41.674926, 77.048461, 61.175174
42.245388, 75.923706, 26.751667
42.572834, 73.484588, 32.48143
42.277912, 72.987884, 51.538509
41.998241, 72.573669, 123.36499
41.793876, 71.753509, 22.568332
41.877323, 74.925598, 54.403331
41.896217, 75.436279, 98.280235
42.108367, 78.425659, 72.63623
42.099704, 75.084564, 188.52818
42.1305, 74.455566, 33.126667
41.969036, 75.215972, 80.220001
42.118724, 73.72647, 35.063331
41.920249, 75.902618, 77.591056
41.890754, 75.044708, 15.506667
42.17218, 73.130218, 23.836666
41.373294, 73.309234, 52.101665
41.335998, 75.255035, 17.046667
41.340656, 72.708068, 35.507049
41.765468, 74.424804, 159.91818
42.208416, 73.853332, 90.145919
42.201126, 74.64804, 64.697273
42.229797, 74.77597, 83.751663
41.427871, 73.363464, 26.362499
41.90271, 76.957794, 83.268333
41.675262, 73.638244, 55.386665
42.175834, 76.27069, 89.753334
42.644821, 74.706665, 66.263336
41.506462, 74.65158, 83.813331
41.928188, 76.711578, 13.166667
41.404827, 75.680969, 72.099243
42.050308, 76.074401, 22.976667
41.932235, 73.852996, 71.926902
42.34399, 72.877105, 124.24833
41.888099, 75.530426, 33.793335
41.815078, 71.992218, 36.081665
42.110458, 75.116302, 93.965477
41.650581, 76.516387, 25.152879
41.674671, 75.376739, 123.665
42.483867, 72.383087, 8.0083332
41.918022, 73.31784, 37.42987
42.26015, 73.626709, 66.345001
41.870548, 74.26297, 64.175003
41.544597, 73.409332, 74.996666
42.312072, 74.738067, 21.671667
41.735904, 73.865539, 145.42666
41.707202, 74.348297, 69.68
41.833244, 75.211273, 51.709999
42.623142, 74.37033, 74.629997
42.351558, 75.587188, 14.791667
42.38483, 76.627471, 20.513334
42.24369, 74.904449, 66.916664
42.596393, 75.458465, 105.12999
42.206325, 75.083099, 77.292144
42.112327, 75.626495, 67.132141
41.695133, 72.957763, 116.13166
42.254009, 73.363586, 70.111663
41.975891, 74.699829, 64.556449
41.949092, 76.585083, 193.2232
42.228462, 75.349914, 33.101665
42.261913, 73.882934, 93.283332
42.303176, 74.642395, 26.891666
41.940338, 73.536377, 17.051666
41.714378, 76.233306, 25.798334
42.076469, 75.208831, 42.412918
42.020149, 71.499298, 12.67
42.493152, 75.208313, 85.979209
42.176689, 76.251251, 41.103237
41.995132, 73.861755, 83.527381
41.66003, 71.802825, 10.118332
41.651042, 76.675781, 33.602878
42.052337, 75.951599, 18.626667
42.650959, 75.684082, 101.84999
42.310592, 75.085754, 88.964218
42.633815, 75.078826, 102.84079
41.481945, 75.456451, 31.854999
42.059391, 73.290588, 220.47738
42.437942, 74.844635, 64.5
42.778968, 139.72506, 5.3425755
41.530281, 74.8591, 26.989242
41.934024, 74.565399, 60.918529
42.369251, 74.547699, 27.334999
42.067501, 75.434387, 29.827051
42.261718, 75.109893, 74.011665
42.395832, 75.182647, 9.375
41.715026, 75.100494, 49.595001
42.301158, 72.960784, 97.548095
42.343078, 76.478271, 35.778095
41.609699, 75.962799, 38.158332
41.436458, 76.174926, 73.16333
42.331882, 76.56015, 45.339912
41.870189, 75.702056, 22.6525
41.615329, 76.502471, 83.121467
42.220069, 73.872131, 72.785003
41.814029, 75.216796, 66.53231
42.205707, 73.22937, 22.491666
42.244949, 73.456085, 56.584999
42.455013, 73.624481, 231.87666
42.331844, 74.156341, 34.498138
41.962711, 73.976532, 70.676902
41.427391, 74.746337, 109.89167
42.274028, 75.610778, 62.013332
41.717178, 75.782226, 57.688331
42.292717, 74.85614, 20.493333
42.00077, 74.195922, 59.525001
41.721279, 74.548553, 85.29
42.076843, 75.084045, 63.311378
41.466835, 76.664489, 34.438331
42.0853, 73.895568, 8.9133329
42.65578, 73.80896, 18.496666
42.278911, 72.986084, 40.911666
41.497654, 77.030944, 6.9633331
42.49718, 77.039489, 55.31295
42.010452, 75.359802, 22.366666
42.218219, 76.677307, 71.729286
42.040695, 72.791656, 32.901969
41.80307, 75.335266, 29.351667
41.949012, 75.325134, 51.241664
42.019702, 76.12207, 112.20666
42.031719, 72.934906, 83.9057
42.246036, 74.964233, 30.655834
42.063236, 74.091827, 61.921375
42.101764, 75.230651, 241.75921
41.873081, 76.237579, 99.093574
41.512489, 74.715942, 33.343334
42.246395, 75.755432, 112.40435
42.299392, 72.682128, 88.557502
42.068504, 74.039794, 19.61
42.221027, 74.026367, 57.277805
42.175846, 76.605072, 111.08271
41.744735, 76.086639, 12.234999
42.031494, 75.405212, 18.389999
42.068615, 73.081329, 21.626667
42.298358, 74.833923, 16.465
42.040096, 73.489563, 34.944999
41.876617, 74.396392, 27.642879
42.218528, 73.643096, 25.219999
42.159702, 75.208801, 52.626667
42.432407, 72.316467, 89.11
41.965438, 71.886688, 17.196666
41.955505, 74.627349, 95.064521
41.662406, 76.118042, 13.2325
41.928272, 77.500183, 106.86261
42.235218, 76.325897, 28.957052
42.136955, 74.173736, 54.332859
41.998996, 74.172454, 79.283569
42.259658, 73.750579, 62.986053
42.017707, 75.207733, 25.011667
41.958339, 75.034545, 68.71083
41.540554, 76.940948, 22.781969
42.332618, 76.682006, 38.443332
42.229847, 73.913543, 14.754487
41.850429, 74.65625, 33.269847
42.022304, 73.024261, 102.46333
42.321041, 74.306671, 65.53833
42.180255, 75.743988, 23.691667
42.128231, 74.50003, 141.10328
41.81129, 74.806976, 34.529872
42.252624, 100.47985, 5.1683335
42.054874, 74.151886, 20.521667
41.952056, 71.416931, 80.61
42.267929, 74.448394, 117.87231
42.185443, 75.295043, 146.10499
42.219089, 74.078674, 67.927757
42.004608, 75.194, 195.3403
41.922222, 75.825347, 24.058332
42.271041, 75.714019, 32.849849
41.572731, 75.476989, 89.199287
41.648605, 75.247406, 208.24333
42.299182, 73.907074, 147.41967
42.104129, 73.977783, 27.76
41.83897, 77.537048, 83.061431
42.029296, 75.564483, 48.263332
41.712257, 74.992736, 32.435001
42.283721, 76.429473, 13.59119
41.62968, 76.26123, 66.955001
41.899398, 74.44345, 20.334999
41.768013, 77.360321, 36.915
42.613792, 74.738403, 81.649734
41.756218, 74.535156, 132.82016
42.070961, 75.167175, 20.236665
42.225578, 75.296997, 21.141666
42.185524, 73.112854, 64.845954
42.270267, 72.596069, 53.45
41.611568, 74.083709, 13.298333
42.041881, 74.737304, 50.669998
42.509006, 76.290252, 44.336765
41.698917, 75.2742, 52.465175
42.019878, 73.54129, 12.805
41.715282, 74.06607, 133.83667
42.157733, 76.19104, 31.639848
42.072666, 75.039764, 73.919998
41.821468, 73.882873, 109.07547
41.839214, 76.901947, 33.75
41.921695, 74.345001, 75.99308
41.747581, 75.644928, 15.989999
41.960456, 74.749939, 25.077381
41.857608, 73.013763, 42.418335
42.082748, 74.073791, 19.983718
42.447792, 72.617614, 97.856666
41.776561, 72.972717, 105.75242
41.640132, 73.358215, 10.901666
41.795143, 73.112762, 37.986667
41.733356, 75.778869, 36.039047
42.220203, 75.915588, 53.159118
42.530029, 74.688476, 63.111427
41.836914, 74.252227, 29.529167
41.905281, 75.656066, 67.77436
42.506744, 75.891449, 72.105178
41.730876, 75.608825, 27.829999
41.508529, 74.246002, 36.228332
42.28944, 71.953979, 31.579999
41.997234, 74.384643, 117.7769
41.89719, 73.7229, 122.77806
42.044357, 72.332275, 29.916212
42.1277, 76.156738, 14.994999
41.906414, 74.977386, 45.477726
42.56855, 74.079315, 104.47143
41.96915, 75.308319, 32.331665
42.414512, 74.337463, 43.882858
42.304145, 74.89569, 12.67
42.511097, 72.331695, 10.091666
42.791408, 75.411407, 76.746666
41.514389, 75.272522, 64.836906
41.431797, 74.514526, 99.635955
42.283939, 75.06723, 36.514999
42.274375, 74.042419, 25.904394
41.845386, 75.150909, 42.028331
42.028869, 75.66455, 55.359241
41.377731, 74.321258, 78.091667
42.509563, 73.300415, 117.64798
41.698547, 76.042785, 136.8625
41.641559, 74.05957, 28.94
42.200981, 75.339935, 107.04245
41.833709, 75.485656, 94.135002
42.335132, 76.764373, 18.478332
42.629917, 71.560272, 55.951667
42.543239, 74.789978, 92.995452
42.080272, 73.432281, 14.451666
41.405002, 74.045074, 10.329999
42.509689, 74.555664, 74.47879
41.557235, 252.81759, 5.4516668
41.824958, 73.641265, 10.114999
42.2331, 73.621948, 52.478332
41.857437, 74.118286, 90.397499
41.396423, 74.28012, 101.17333
41.836601, 73.339752, 78.423332
42.282821, 74.338684, 25.478332
42.100345, 74.722045, 41.251667
41.783115, 75.557678, 47.348724
42.275318, 73.6539, 30.998333
42.021205, 76.383941, 42.839168
41.859836, 74.290802, 156.06631
41.600753, 72.080139, 82.516113
42.238792, 75.546295, 34.094486
41.784698, 73.747833, 23.163333
42.024604, 75.476043, 45.043335
42.609832, 75.402038, 6.2933335
42.480751, 74.818512, 87.489997
41.736896, 75.772399, 76.64833
42.309768, 76.312469, 61.826667
42.416061, 76.095397, 62.423431
42.104003, 75.853729, 12.50738
42.002494, 75.7359, 95.703331
41.666179, 77.584747, 34.661666
41.941825, 74.854827, 62.63245
41.858032, 74.43927, 57.847755
41.711273, 73.973785, 97.299163
41.58599, 75.305847, 67.556762
42.374748, 75.090057, 35.614803
41.99966, 75.572967, 70.047378
41.58385, 75.973785, 12.635
42.421505, 74.633972, 16.633333
41.448181, 74.918121, 50.638332
42.003837, 74.569946, 37.495304
41.984382, 73.683471, 19.24119
42.771904, 74.986328, 72.834854
41.425991, 75.465118, 25.211666
42.31874, 72.67929, 55.094711
42.057106, 75.14624, 59.284999
42.721473, 74.409851, 54.575
41.823627, 76.253784, 94.542717
41.605026, 74.137573, 37.29
41.925003, 75.491882, 28.793718
41.728183, 73.908386, 10.888333
42.369602, 75.5018, 25.206539
42.108623, 73.156311, 165.16156
42.030674, 75.611114, 35.95343
41.883678, 73.538513, 80.013595
41.620151, 75.873657, 110.64499
42.133792, 74.239868, 133.25177
41.827484, 73.62387, 28.61119
42.019676, 75.146392, 103.76499
41.819019, 74.819854, 42.360099
42.079204, 75.054595, 40.969387
42.266223, 75.797637, 113.25333
41.714317, 76.065765, 75.451667
42.293811, 75.762512, 70.314758
41.548019, 75.342407, 62.961666
42.009292, 73.670257, 135.59095
41.975856, 75.186401, 72.839447
41.788253, 75.722168, 35.449585
42.062774, 74.425354, 23.459241
42.127906, 73.420562, 102.21167
41.631805, 218.38696, 5.1692423
42.23981, 73.90866, 33.606666
42.286907, 75.14035, 32.166191
42.178382, 75.868804, 176.39439
42.319713, 75.868957, 70.31237
41.78453, 74.95578, 19.159048
41.868915, 77.961212, 37.262916
41.900871, 75.527862, 26.171667
41.909648, 76.309509, 96.948333
42.033676, 75.234436, 20.192949
41.726905, 73.284698, 55.954803
42.140884, 74.259246, 130.48167
41.817077, 76.794464, 28.621191
42.073913, 74.336914, 17.723094
41.799949, 75.943908, 17.889999
42.099838, 75.417144, 62.044998
41.91135, 75.26004, 28.379848
42.142719, 75.839752, 76.392913
42.720222, 75.280822, 88.585952
41.87701, 73.17871, 98.589447
42.271625, 72.99002, 27.553333
42.346775, 75.191711, 73.562919
42.181831, 72.985748, 31.454523
41.611549, 72.780029, 65.513336
41.374691, 75.249084, 17.815
41.943336, 73.437927, 91.934104
41.953064, 73.497833, 50.756931
42.050746, 75.520599, 139.10646
42.05146, 74.48944, 50.939582
42.26194, 75.298034, 76.993331
42.110431, 72.487884, 25.069999
42.620941, 74.904083, 36.578636
42.363346, 75.588867, 25.322877
42.055015, 76.35913, 82.736412
42.501956, 73.034271, 93.68
41.695842, 75.633911, 49.026668
41.93943, 75.325256, 24.268333
42.346805, 73.212249, 30.516794
42.195243, 74.478363, 110.84362
42.258758, 75.847503, 41.671665
42.556983, 75.148101, 24.444047
41.59679, 75.968963, 56.914215
41.676033, 75.967987, 10.993332
41.508865, 74.428863, 64.4748
42.594909, 75.510803, 34.986667
42.184593, 73.685119, 60.648811
41.783111, 74.899383, 6.6550002
42.039314, 75.351684, 13.646666
41.82389, 74.120178, 144.15666
41.7327, 76.094329, 29.415
42.365562, 74.840393, 80.533073
42.561561, 75.25888, 16.194999
42.10514, 76.392181, 58.599582
41.689769, 74.840118, 96.330001
41.37862, 74.514312, 121.43707
41.868209, 77.932922, 93.569389
42.288005, 73.591491, 152.90547
42.002506, 74.368927, 19.09
42.357181, 75.705596, 7.9850001
41.993873, 73.544616, 87.644996
41.712436, 75.575714, 18.291666
41.870697, 76.113525, 49.781272
41.934726, 73.890319, 23.790714
42.769115, 76.04187, 110.9961
42.230804, 75.254119, 34.011665
41.50732, 73.986724, 163.99874
41.867042, 77.350769, 53.119998
42.113102, 74.310546, 18.552499
41.371051, 74.867157, 23.725
42.121078, 74.779632, 32.33295
42.593524, 73.559936, 67.211669
42.57397, 75.100402, 105.78019
41.846637, 75.000152, 94.483093
42.373325, 74.831512, 75.805725
41.519332, 74.034118, 153.08595
41.885864, 73.576904, 72.743331
42.418064, 74.89746, 40.638095
41.680347, 74.731292, 92.108329
41.676116, 73.846588, 56.075
42.023284, 75.700347, 35.173332
41.535583, 74.278686, 65.846664
42.186264, 74.951995, 55.271667
41.633476, 75.756439, 87.724998
41.98331, 73.039062, 104.93166
41.881092, 75.594055, 62.075477
42.404899, 74.88861, 31.380714
42.180637, 73.72052, 120.96167
41.875106, 76.089355, 13.14
42.865222, 74.500122, 94.314216
41.398197, 75.382049, 33.862499
41.831741, 75.513153, 92.330001
41.755687, 75.24176, 118.20741
41.549858, 74.032104, 20.061666
41.751411, 74.713226, 64.791313
41.983715, 74.574188, 28.0
41.695995, 73.838226, 54.103332
42.384071, 73.405761, 12.853333
42.464832, 75.486022, 12.726666
41.949161, 74.478027, 40.552619
42.054355, 75.273864, 104.25651
41.611743, 75.701416, 81.355003
41.955493, 76.143493, 38.461666
42.208293, 74.192321, 29.151666
42.240947, 73.476745, 47.098331
42.303478, 75.488616, 48.135303
41.466201, 76.73764, 25.649999
41.647209, 73.792083, 47.988334
41.484436, 75.908935, 26.769166
42.46025, 74.066619, 22.135
42.214778, 73.235504, 53.318531
42.666626, 74.59616, 60.073333
42.334323, 76.599212, 23.913333
42.330406, 75.475067, 48.123333
42.224029, 75.598724, 99.259445
42.205249, 73.690002, 36.189998
42.360611, 73.673553, 31.487051
42.531902, 76.923767, 100.98303
41.563285, 76.804199, 92.666595
42.159931, 73.315765, 63.748485
41.5928, 74.453277, 127.23368
41.802539, 75.338348, 90.015953
41.683914, 74.926696, 15.154999
41.939338, 76.787506, 103.68
42.105064, 74.837677, 7.0883331
42.015598, 58.096466, 11.968333
42.010234, 76.25711, 43.369613
42.084728, 74.889007, 84.471458
42.138107, 75.339416, 34.951667
42.161495, 74.325439, 90.426193
41.789775, 75.335601, 49.715
42.016925, 75.929779, 45.557819
41.908371, 74.394561, 18.961666
41.617782, 75.102752, 17.17
41.580074, 75.247589, 27.281061
42.093627, 74.872802, 87.074996
42.242095, 77.063201, 83.933334
41.892414, 75.823059, 56.471469
42.33879, 74.214904, 96.275001
41.735431, 74.409606, 60.555
41.816642, 75.052307, 54.756595
41.850086, 72.270324, 72.465713
41.647983, 74.685974, 36.351665
42.043216, 74.660003, 30.959999
42.088016, 74.438995, 77.863098
41.437309, 73.493255, 153.85667
42.005081, 74.813781, 121.11
41.932167, 74.026519, 60.5
42.030407, 76.812072, 111.4053
42.105964, 74.118469, 30.118333
41.844444, 75.754608, 62.183334
42.700153, 73.292816, 7.8711905
41.321739, 77.260559, 30.829999
42.271373, 74.559112, 37.619167
42.062294, 74.653442, 24.382576
42.192539, 75.788055, 54.755832
42.036018, 75.266845, 100.44833
42.185791, 72.765808, 71.723335
41.601463, 75.614166, 61.266212
41.851387, 76.053527, 66.09214
42.099323, 73.555786, 5.6483335
41.956722, 75.152313, 93.815879
42.054451, 74.908477, 27.063333
41.606056, 73.806701, 47.341968
42.122531, 74.510498, 34.733333
42.315197, 74.492248, 64.525001
41.498386, 75.55899, 49.218334
41.81081, 73.491699, 68.879051
42.054904, 75.867187, 63.927501
41.855686, 74.850189, 90.760002
42.074855, 77.150329, 59.0
42.105396, 76.878082, 87.143333
42.455215, 75.273956, 36.02
42.180328, 75.155365, 32.471668
42.073837, 73.703491, 130.47999
42.069824, 75.155181, 18.297857
41.963367, 75.689086, 108.29563
41.902813, 75.811248, 42.375759
42.240161, 73.507782, 69.758331
41.873947, 74.266449, 41.409999
42.128452, 75.103363, 19.308332
41.967826, 73.226287, 84.753074
42.014232, 73.287292, 31.701061
41.590652, 75.257812, 51.547382
41.502727, 74.607849, 77.933334
42.303676, 77.589843, 124.85166
41.62598, 72.929718, 29.045
41.863876, 73.177551, 58.544998
42.389881, 455.85298, 5.5592422
41.651111, 75.550689, 31.141666
42.230541, 72.743042, 79.296669
41.525402, 76.19461, 37.229999
41.928726, 72.930236, 146.75196
42.392471, 75.521514, 33.708095
42.163002, 74.059478, 132.16368
42.621082, 77.740203, 58.238334
41.436962, 75.031158, 209.45428
41.71405, 73.817382, 126.55999
41.558536, 75.339294, 128.74249
41.420841, 74.549072, 102.45394
41.644104, 74.780181, 70.759925
42.230762, 71.498565, 41.375511
42.461978, 76.043548, 110.07611
42.107387, 73.381622, 50.653331
42.839805, 73.448455, 117.19999
41.517684, 73.481842, 38.783462
42.041526, 74.93988, 21.156211
42.341236, 74.278991, 159.96551
42.0718, 74.698608, 101.0475
42.154705, 75.889831, 48.185001
42.763217, 74.947601, 118.28333
41.791263, 72.466735, 91.807754
41.860786, 74.166381, 27.598333
42.275772, 73.976287, 77.051666
42.338283, 73.913726, 78.191665
41.975345, 77.079528, 191.26666
41.664032, 74.484832, 11.21
42.574264, 74.651916, 22.258333
41.688472, 75.639984, 43.669563
42.126483, 76.017181, 46.65295
41.676933, 74.004364, 34.154216
42.11507, 76.29779, 20.551666
41.917133, 74.07666, 136.39357
42.086818, 75.779235, 52.408332
41.711055, 73.886718, 13.943333
41.9939, 74.982269, 72.569526
41.727691, 73.518127, 116.81547
42.135871, 73.199981, 7.6716666
42.247196, 75.826141, 35.194999
42.320407, 73.738555, 13.863333
42.002506, 73.341552, 89.639694
41.823623, 73.472808, 82.722564
42.035083, 143.48742, 9.2033329
41.961055, 75.685394, 54.972179
42.225231, 74.005157, 28.538333
42.47459, 74.969512, 62.338508
41.677505, 75.797668, 67.900383
41.905612, 75.383361, 56.055
41.840675, 73.713287, 70.663597
41.751697, 75.318969, 75.42781
42.090427, 76.376373, 36.057819
41.429576, 73.39801, 104.7181
41.892829, 76.004516, 65.194648
41.796028, 73.627136, 73.595451
41.957695, 72.573822, 60.40343
41.985317, 74.455688, 58.222545
42.286766, 75.683013, 39.751667
41.518379, 74.717437, 12.75738
41.73241, 73.54245, 169.03257
42.2579, 73.437439, 12.515
41.831409, 75.421203, 12.510714
42.350997, 76.504638, 5.6833334
41.83707, 77.37091, 29.905
41.43431, 74.640228, 44.730606
41.365921, 74.766174, 37.821666
41.770908, 75.360748, 63.07238
42.160808, 73.965423, 52.098636
41.912815, 75.387878, 122.85653
41.363189, 75.005981, 52.683334
42.150768, 74.953704, 34.232498
42.071048, 70.929046, 7.1466665
42.014045, 73.164123, 186.46655
42.267475, 62.259613, 35.634998
41.774265, 73.08319, 97.441322
42.151077, 74.519134, 73.091667
42.003543, 73.006103, 18.629999
41.55257, 74.206481, 68.367981
41.505035, 74.473846, 115.90615
42.427516, 74.394683, 122.43705
41.922603, 75.719726, 10.01782
41.760265, 75.850738, 96.689712
41.572292, 73.009643, 178.34234
41.942604, 74.87387, 126.52651
41.881057, 74.122345, 22.566053
42.768104, 74.154663, 23.481666
41.660892, 75.391693, 48.95206
42.090694, 74.428802, 82.667434
42.402401, 74.363769, 28.001667
42.240543, 74.038147, 47.90657
42.119758, 73.922729, 43.148334
41.871563, 75.422973, 78.434471
42.118804, 74.762786, 94.508331
41.853046, 73.234741, 37.235
41.717407, 75.747009, 17.348333
41.538745, 75.010559, 53.176666
42.42591, 74.895568, 24.364999
42.195831, 74.125701, 76.269996
42.079723, 75.000518, 74.159286
42.111999, 76.846435, 55.548332
42.275146, 74.01889, 63.92625
41.84325, 77.255584, 54.976905
42.005863, 77.015319, 94.906379
42.306968, 76.243011, 32.687728
42.113933, 76.316619, 99.853569
42.087322, 63.241912, 5.3116664
42.180557, 74.399047, 9.4750003
41.848804, 70.929657, 20.859046
41.907718, 77.74353, 26.001667
41.918197, 73.682006, 100.63281
41.858856, 73.185943, 66.764213
41.605873, 73.427185, 133.1688
42.539199, 77.651458, 71.821662
42.198463, 75.408569, 16.565
42.275791, 75.774139, 59.635875
42.347145, 74.339202, 161.79583
42.107406, 74.782379, 20.816667
41.899162, 74.77716, 45.286666
42.441371, 73.553253, 168.85159
42.267425, 76.395935, 29.086282
41.561313, 75.776214, 46.056251
41.792213, 75.250885, 61.834999
42.302177, 75.81607, 83.139045
41.70322, 72.910736, 57.946666
42.43151, 74.280883, 32.596668
42.110839, 74.938964, 50.194999
41.352218, 75.787567, 54.183334
41.478244, 74.080719, 74.307548
42.244175, 75.597168, 169.40333
41.836265, 75.369659, 40.784999
41.812042, 72.276458, 48.898334
41.405719, 75.038818, 63.485
42.168605, 74.113525, 38.913333
41.833816, 75.760223, 107.98959
41.390033, 75.640564, 45.904998
42.257823, 75.527069, 113.035
42.067375, 74.852508, 18.931667
41.70092, 75.418579, 30.189523
41.758514, 75.677917, 219.6
42.257667, 73.533477, 84.959442
41.68021, 73.282775, 48.869998
42.094966, 73.50711, 39.520362
41.79747, 75.701599, 51.560264
41.955627, 73.879791, 57.595001
42.299686, 73.79248, 41.545784
42.035762, 72.764007, 27.18
42.118038, 73.60675, 98.830055
42.110008, 74.37677, 28.838333
42.527793, 72.722808, 47.343334
42.056999, 73.238067, 25.629999
42.369838, 72.980987, 31.571666
42.321346, 73.74295, 55.554649
41.840423, 74.147064, 24.531665
41.832092, 76.850067, 73.157547
42.392841, 75.307647, 73.713333
41.713531, 73.23236, 9.0683336
42.438285, 75.214904, 33.5625
41.818061, 73.786651, 86.434997
41.90411, 75.481903, 20.395
41.553939, 74.652099, 62.442382
42.485927, 75.714721, 15.728333
42.07056, 73.368988, 13.503333
41.665649, 75.416992, 28.719999
41.788559, 74.606872, 20.883333
42.005619, 71.939361, 104.92359
41.864063, 74.159454, 25.465
41.511215, 75.536224, 53.169998
42.22211, 74.658294, 80.713333
42.239738, 76.373382, 123.26672
41.602012, 74.907592, 44.613334
42.230827, 76.565063, 75.213333
41.660568, 77.437072, 21.711191
42.208747, 75.925048, 34.302917
41.487419, 74.840942, 12.581666
41.76572, 75.617553, 121.36499
41.920364, 70.669738, 41.494522
42.361896, 75.971649, 83.493331
42.173893, 74.867706, 7.1045236
41.805618, 75.683288, 57.572391
41.968811, 76.509674, 104.06277
41.580349, 77.32846, 83.933097
41.989502, 76.104583, 120.47547
41.755451, 76.249725, 100.31333
42.190074, 74.289886, 11.944999
41.921306, 74.556152, 62.325
41.519966, 76.593566, 47.918529
42.003196, 74.262329, 25.523332
41.454132, 76.489196, 18.065
41.69067, 72.299682, 78.900001
42.413959, 70.251586, 57.869117
41.895126, 75.514587, 47.425895
42.056884, 75.336486, 74.859779
41.854808, 75.3927, 39.529117
42.293972, 73.293396, 67.041023
41.604541, 74.649902, 21.018333
41.686607, 75.394073, 44.501667
42.406303, 74.482513, 93.126251
42.11116, 7.3824462, 5.5592422
41.941448, 72.647705, 153.61357
42.288883, 74.710388, 124.73999
41.764987, 74.30606, 35.932498
42.194427, 72.303405, 38.143333
42.102462, 73.838684, 77.001152
41.855667, 76.569519, 57.962917
41.513271, 74.318298, 5.7666668
42.202056, 72.807525, 28.831666
41.634094, 74.37677, 30.506794
42.240932, 74.128021, 47.573333
41.445236, 73.066558, 37.979999
41.858963, 75.989715, 25.508333
42.247726, 73.693206, 96.076667
41.855041, 73.520629, 37.378334
41.475544, 74.27539, 44.982879
42.174949, 74.940795, 67.663093
42.20692, 74.419311, 52.908332
42.202041, 74.903472, 128.25917
41.571422, 74.313354, 125.34523
42.610446, 75.250091, 33.433334
42.355625, 75.10556, 55.596668
42.213855, 73.064331, 28.536666
41.738609, 76.161163, 91.376953
41.86964, 73.876068, 27.915908
42.006603, 73.897979, 30.801666
41.868152, 74.476226, 71.486251
42.148815, 62.230957, 40.603332
42.402858, 72.746276, 47.223331
41.796203, 75.671936, 85.836448
41.867206, 73.917175, 124.3
41.862388, 74.642425, 59.082916
41.631412, 74.759704, 23.296667
41.920665, 75.611297, 106.89499
42.467987, 73.892822, 160.63621
41.854641, 75.666595, 49.918094
42.129917, 76.420532, 61.349544
42.239975, 74.152832, 35.166515
41.943897, 74.893798, 113.23313
41.488033, 75.296508, 123.96142
41.870895, 76.442962, 63.73143
41.92192, 74.788635, 37.036666
41.858306, 75.141937, 6.69
41.620342, 74.797729, 137.98707
41.407924, 76.042144, 75.263336
42.022823, 75.189666, 53.221141
42.198009, 74.713226, 28.046667
41.66732, 75.59793, 38.812915
41.370636, 75.5625, 74.248336
41.618904, 75.361114, 41.038333
41.994564, 74.223175, 24.196666
41.725635, 75.201782, 53.006191
41.523719, 74.901397, 97.616668
42.089988, 75.239044, 56.366664
41.376701, 73.703277, 197.11532
42.072853, 72.189544, 33.722576
41.920902, 73.658477, 25.031665
41.700134, 72.968902, 59.703334
42.005634, 74.39038, 25.626667
41.407539, 75.697876, 29.861665
41.383606, 75.796142, 31.861665
41.981407, 72.673431, 64.125152
41.980747, 74.42221, 31.961666
42.644641, 73.803802, 22.989545
41.699161, 76.82489, 43.555
41.921848, 73.424224, 46.008483
41.830257, 75.464141, 90.18
42.078861, 75.057708, 13.215833
42.250495, 74.571319, 75.153938
42.224929, 74.880981, 50.500099
42.116241, 74.412567, 49.439998
41.423561, 74.062164, 88.41024
41.466396, 76.075195, 82.18
42.114265, 76.450073, 11.284999
42.755989, 76.957794, 43.220882
42.39986, 75.109893, 18.413333
41.577289, 75.399047, 65.301025
42.14212, 71.179321, 105.00833
41.401424, 71.714843, 9.0666666
42.310527, 73.822235, 59.641666
41.923893, 75.283447, 5.2533335
41.45541, 75.485076, 28.149047
42.112293, 74.893432, 49.625
41.866317, 74.645416, 31.588333
42.234634, 75.108612, 29.538333
41.701084, 73.062744, 97.73703
41.963314, 75.48114, 64.839996
42.648468, 71.904785, 21.415
42.266204, 74.927825, 21.341667
41.677684, 75.617645, 61.166667
42.230052, 75.583465, 46.669998
41.909797, 74.864868, 135.14038
42.556125, 75.550201, 6.787857
41.88636, 74.363006, 24.701665
42.141796, 74.427764, 30.949047
42.414928, 76.658081, 34.246666
41.696235, 74.016937, 26.35
42.007003, 74.240173, 16.25119
42.319862, 74.901306, 18.761667
41.955669, 76.282897, 26.901666
42.255546, 76.893615, 5.6673808
42.558818, 72.420837, 30.465
41.396369, 75.575897, 65.389999
42.35672, 75.769409, 38.707859
42.034904, 75.596435, 67.463333
41.335121, 75.113403, 45.333332
41.567779, 76.13507, 18.241666
42.099395, 74.87677, 58.412918
42.260192, 76.663238, 44.576248
41.675048, 75.562591, 140.89367
42.078495, 74.781372, 29.155
42.536342, 74.675567, 69.910263
41.887325, 75.269012, 113.8769
42.085063, 76.657287, 45.632179
42.178421, 76.052764, 62.841667
42.423641, 75.712951, 8.4233331
41.963901, 72.976776, 16.409999
41.897068, 75.282928, 91.198333
41.952781, 73.730712, 79.904998
42.262706, 74.221435, 115.565
41.798168, 73.563781, 40.447818
41.392158, 75.284851, 77.193336
41.524139, 74.146575, 32.833332
42.072231, 74.482299, 103.80416
42.444892, 74.190918, 25.223333
41.98043, 74.763031, 43.886665
42.778381, 74.867187, 94.381668
42.209144, 74.834289, 13.918333
42.737789, 74.799835, 56.992916
42.302234, 73.454345, 16.753334
42.278602, 74.642395, 59.696666
41.699554, 75.06723, 43.275001
42.373458, 73.679595, 36.584804
41.593612, 75.738647, 32.656665
41.913375, 74.035705, 100.11338
42.086616, 72.77774, 71.744163
41.401401, 75.938385, 62.2625
41.840511, 73.875061, 74.354164
41.640018, 76.383514, 39.938331
41.99047, 74.960662, 104.61611
41.722057, 73.550293, 15.313333
41.667156, 76.042633, 86.631057
41.448661, 74.500549, 101.1869
42.24776, 76.174346, 69.49958
42.397453, 74.771209, 47.944999
42.205093, 75.694641, 48.604999
41.523216, 72.471313, 41.773334
41.834491, 75.063324, 100.39923
41.810791, 73.617004, 27.575
41.853302, 74.738281, 10.538332
42.086154, 75.417297, 21.537727
41.364208, 75.799377, 32.029998
42.096607, 73.965698, 37.198333
41.89532, 77.892028, 75.41925
41.616455, 76.327911, 58.794998
41.804466, 72.839813, 43.52
41.907318, 75.671722, 92.723335
41.777813, 75.26651, 120.89051
42.296279, 76.151458, 88.453331
41.790218, 72.557098, 72.466575
41.898422, 75.395904, 49.42881
42.295772, 75.605835, 88.561126
41.742252, 74.567993, 14.896666
42.308746, 75.263855, 109.44944
42.33049, 75.985931, 24.485
42.012767, 74.487152, 54.240001
41.349136, 74.353729, 6.545
41.348178, 74.591003, 103.17517
41.724124, 73.41986, 52.277942
41.790317, 73.565551, 34.059166
41.400459, 74.699951, 32.983333
41.913459, 74.789489, 34.92591
42.08171, 74.084686, 70.459999
42.448772, 73.444854, 33.173332
42.117809, 75.187774, 115.28921
41.755394, 75.010406, 21.802879
41.956295, 75.714996, 31.524999
42.194942, 74.423278, 31.909999
42.444442, 74.850891, 46.518096
41.535522, 74.092407, 55.376667
42.363216, 75.480285, 18.231189
42.641181, 73.733429, 90.805
41.952449, 73.089263, 27.074047
42.592113, 76.216217, 37.078094
42.130844, 74.654388, 147.01245
41.844432, 74.427581, 18.693332
42.17839, 74.610229, 49.479522
41.437652, 76.447174, 35.645511
41.928001, 76.846923, 96.259445
41.323558, 74.818603, 18.149871
42.255069, 73.776611, 81.626663
41.883888, 72.793396, 14.963333
42.066097, 74.916839, 16.956666
41.995918, 74.506683, 74.996666
41.481296, 75.14093, 35.314998
42.393261, 74.602844, 40.889911
42.283245, 75.428466, 79.614997
41.382663, 73.77243, 63.791427
42.482822, 74.501068, 120.17131
42.249088, 74.39215, 97.943847
41.991577, 77.574401, 6.8049998
42.411205, 73.617797, 52.24654
41.346771, 75.776092, 139.82333
41.810878, 73.244232, 88.098335
42.403953, 74.528228, 61.696929
41.729938, 74.814788, 5.6983332
42.061378, 75.15509, 39.372856
42.330719, 74.157409, 7.9483332
41.642025, 74.194519, 105.42571
42.129509, 75.601654, 148.80499
41.595371, 75.188354, 63.95206
42.753459, 76.529357, 47.761665
42.233062, 76.351074, 46.219116
41.909282, 73.497863, 60.654998
42.028186, 73.681793, 43.713333
41.870826, 74.899505, 24.991666
41.997509, 75.446991, 65.172882
41.846111, 74.143341, 27.915
41.916595, 74.047454, 64.584999
42.025089, 74.611816, 20.318332
41.710804, 74.029449, 64.651664
42.656086, 73.705322, 41.048332
42.094478, 72.968078, 138.26532
41.812221, 74.737579, 50.556667
41.839103, 76.177215, 17.526666
41.814827, 74.924804, 134.76478
42.58208, 74.286529, 45.183334
41.872203, 75.003387, 85.823432
42.380306, 74.875549, 42.591667
42.145038, 74.945831, 22.246666
41.908248, 74.26474, 103.24465
41.658435, 77.601287, 48.029998
42.195518, 77.644683, 42.134216
42.390068, 72.520965, 33.309581
41.920131, 75.536285, 25.536666
42.176757, 72.39743, 65.220001
41.846847, 76.820312, 33.639583
42.275154, 75.363891, 56.712917
42.318412, 73.15805, 49.323333
41.870632, 75.367919, 75.428337
41.602256, 75.323455, 70.977691
41.677761, 74.638214, 91.168335
41.671142, 73.582153, 44.551666
42.046749, 75.17868, 85.122932
41.4188, 75.965911, 25.01197
42.076263, 75.493225, 116.09666
41.563854, 75.309722, 60.27539
41.896816, 73.702728, 57.870834
41.865116, 76.433013, 46.366794
42.119422, 73.604156, 31.698333
41.781036, 73.684845, 17.116539
42.218032, 72.511291, 111.06692
42.495128, 74.501068, 93.99636
42.417858, 75.507965, 107.99973
42.24665, 74.817138, 15.666667
42.386608, 74.80371, 30.395513
42.057975, 76.783966, 95.936225
42.071941, 75.793701, 19.663333
42.229206, 72.593292, 107.46277
41.999023, 71.573486, 59.721668
41.96109, 75.580139, 183.90847
42.788585, 73.430084, 89.262779
42.005527, 75.819152, 108.89405
42.012928, 75.820373, 106.02944
42.095066, 73.607025, 92.638336
42.192657, 73.714965, 82.818809
41.443134, 74.340301, 96.819595
41.922256, 75.384765, 176.84198
42.355209, 75.151031, 40.82238
42.254783, 75.827117, 47.213333
42.14698, 426.62139, 60.931316
42.081985, 74.62503, 248.49379
41.896167, 75.028198, 59.850883
41.84093, 73.713104, 122.90333
42.141426, 74.192565, 35.902618
42.321666, 74.776519, 29.493333
42.174457, 74.4122, 14.551666
42.305007, 72.508178, 91.170288
41.847194, 74.798339, 22.758094
42.471942, 73.75241, 80.403335
42.195949, 75.074859, 25.63591
42.074405, 74.620971, 59.794998
42.097446, 74.94168, 82.073333
42.333782, 77.440948, 133.84584
41.579448, 75.149536, 64.578331
41.945755, 74.713714, 79.819091
42.598072, 77.189575, 27.233333
42.40047, 74.45047, 50.246666
41.9752, 74.555755, 42.049583
42.486011, 75.976715, 12.744999
41.765449, 75.279937, 28.913333
41.629726, 78.297607, 61.014999
41.535713, 75.472534, 34.75119
41.92052, 74.751373, 46.394485
42.518192, 74.876098, 12.448333
41.504543, 72.489715, 149.66651
41.763896, 74.190643, 142.03999
41.324546, 75.281097, 28.608333
41.856937, 75.13446, 115.78167
42.405738, 74.334442, 41.282917
42.35506, 74.203308, 36.830001
41.792446, 75.379303, 8.3933334
41.929317, 74.624084, 107.75923
42.654384, 74.245697, 21.165832
41.86724, 73.992767, 66.981666
41.848274, 76.050201, 56.193332
41.685958, 72.425109, 62.043335
42.362636, 76.647003, 125.9653
42.422645, 74.988067, 42.978332
42.342155, 75.864715, 7.2033333
42.278076, 73.388671, 9.1366663
41.736236, 75.848663, 57.189998
42.091987, 74.51654, 120.44364
42.409084, 72.048675, 41.486667
41.694847, 74.104095, 8.4949998
41.752994, 76.913482, 10.96
42.061401, 73.13153, 64.964996
41.391048, 71.234252, 30.536794
42.284362, 76.719085, 61.33654
41.723339, 74.704101, 26.257381
41.599788, 74.573181, 46.736251
41.869403, 73.963043, 58.202179
41.960975, 75.150421, 16.993333
42.089439, 74.616546, 49.383461
42.109905, 75.790985, 10.39
42.320209, 72.442474, 61.249092
41.842388, 74.257049, 39.158332
42.54132, 73.785705, 26.684047
41.788482, 73.186615, 37.083332
42.589046, 73.736389, 76.879211
42.20095, 75.556518, 11.831666
42.386741, 74.221038, 94.226669
42.404182, 75.769683, 36.978332
42.657001, 74.131652, 9.9883337
42.381183, 73.172943, 79.252563
42.173889, 75.694397, 124.46454
42.243572, 74.940399, 61.93288
42.066089, 74.485137, 78.451667
41.836399, 75.632202, 5.1716666
41.900886, 74.865295, 30.568332
42.48077, 75.774597, 122.6798
41.837856, 74.266021, 16.763334
41.806453, 75.116394, 36.525001
41.724704, 75.355987, 45.803333
41.849445, 72.440795, 99.521667
42.007415, 75.344329, 58.685001
42.288253, 74.341918, 34.282917
41.556026, 76.246276, 74.288482
42.496555, 74.745575, 6.8316664
41.769687, 73.990844, 90.004997
41.998287, 75.638031, 48.090831
42.098991, 73.299377, 34.586666
42.22393, 75.375122, 82.009056
41.9183, 75.064544, 13.68
42.108848, 74.737945, 22.284486
41.778987, 73.663482, 79.173248
42.148784, 72.082275, 6.4149999
41.899635, 74.910644, 20.534999
42.565372, 75.814788, 20.616666
41.790569, 74.417266, 147.0765
42.026248, 74.259368, 44.732894
42.025371, 75.236206, 34.049999
42.334098, 74.22586, 47.503334
42.352909, 74.138946, 84.255477
41.722633, 76.27359, 37.366664
41.825229, 75.361328, 70.136192
42.398716, 75.30722, 76.402381
41.838607, 75.208953, 23.178636
42.412784, 74.940124, 61.221668
41.814495, 75.395752, 59.225303
41.963329, 74.584808, 118.78928
42.412643, 73.021087, 58.958095
41.893402, 74.485382, 73.957809
42.188945, 74.725647, 54.436668
41.338439, 75.758667, 15.803094
41.885025, 75.192901, 9.878333
42.019668, 73.903564, 85.83403
42.144767, 74.242431, 21.771667
42.101432, 73.901275, 112.50985
41.588687, 73.818786, 85.448486
42.100135, 73.422821, 68.828331
41.943485, 75.365936, 13.588333
41.394519, 74.616363, 89.390808
41.566631, 75.679321, 81.252891
41.992313, 73.502624, 64.856666
41.789299, 74.748931, 39.716667
42.367977, 74.256439, 22.381191
42.08319, 73.814361, 49.42881
42.266639, 76.273101, 8.461667
42.124786, 75.137023, 35.669998
42.250248, 74.321746, 21.665
42.036201, 73.09439, 23.975
42.159668, 74.68341, 18.236665
42.049835, 75.490387, 52.026668
41.96931, 75.187591, 18.771667
42.059852, 74.995849, 77.311821
41.684955, 73.914764, 54.411377
42.094917, 73.934936, 102.00333
42.106296, 75.662567, 125.14878
42.615367, 72.741058, 6.9316668
41.976013, 74.901214, 83.188728
41.947139, 74.109741, 98.699996
41.695716, 73.56195, 100.33311
41.934619, 73.674713, 59.498848
41.697303, 74.703002, 22.401666
41.973804, 74.417053, 50.549999
41.701286, 75.799438, 27.259166
42.460102, 73.557464, 221.7299
42.08226, 75.255188, 71.705711
41.684768, 75.843414, 21.893461
41.920898, 73.908844, 90.568336
41.731472, 73.692047, 63.540237
41.5587, 73.061218, 24.028333
41.674724, 76.207428, 167.69483
41.422939, 76.665161, 22.848636
41.59061, 74.743621, 164.65254
41.888366, 73.413482, 19.381666
42.192913, 75.783477, 25.181428
42.079128, 74.546417, 101.29333
42.380119, 74.910339, 6.295
41.923671, 75.703765, 81.088653
42.183456, 72.808715, 6.0566668
41.823505, 75.881073, 40.454761
41.874771, 73.95523, 59.48262
42.164318, 73.619415, 9.3466663
42.824592, 72.770965, 27.465
42.027538, 74.660614, 24.437051
42.02819, 73.538452, 86.841056
42.368217, 76.875213, 80.607048
41.918724, 77.243408, 135.37666
41.893165, 76.253173, 31.592857
42.319007, 76.049621, 34.993331
42.20832, 74.870391, 42.031429
41.733028, 75.294982, 35.79
41.427097, 73.457366, 93.002677
42.089233, 71.88211, 34.441665
41.736263, 76.633575, 71.093574
41.795303, 75.112426, 50.059047
42.01226, 73.887542, 37.507984
41.737552, 73.482727, 63.439697
42.303062, 74.896942, 163.9049
41.902088, 73.836975, 38.174999
42.525142, 73.787597, 53.924999
41.898243, 74.617248, 84.033844
42.230796, 72.669372, 82.007988
41.89569, 74.523376, 94.113098
41.762413, 72.544189, 32.922878
42.362007, 75.337616, 83.953575
42.272041, 73.180969, 34.794487
41.730735, 74.715148, 121.11705
42.699214, 74.484039, 71.042617
42.385467, 74.675384, 37.330001
41.904083, 75.52008, 104.44333
42.419593, 74.691528, 73.151428
42.538803, 76.018951, 34.426666
42.040031, 74.978637, 84.356666
42.387588, 72.265533, 75.688484
41.397209, 76.119812, 66.791664
42.041744, 74.608123, 35.20985
42.118705, 76.025909, 19.20738
42.269691, 72.219757, 9.9891662
41.592178, 75.127288, 52.755001
42.390056, 72.697845, 23.466667
42.040142, 75.251709, 73.458335
41.392971, 72.339752, 92.60083
41.987346, 73.423309, 39.946666
41.809936, 74.425018, 63.251667
41.890869, 74.637573, 23.274999
41.659278, 74.850097, 111.79303
42.130462, 75.429199, 29.106538
41.782558, 77.207672, 75.771667
41.607376, 75.041076, 84.344566
42.101932, 73.501831, 165.68249
42.130786, 75.495727, 79.271087
42.261261, 74.098938, 39.413333
42.128921, 75.147888, 6.5833334
42.266616, 74.886657, 65.278846
42.014148, 74.447418, 68.651664
42.326423, 75.514099, 6.6966667
41.626384, 75.142608, 102.53768
41.779514, 74.078002, 19.159999
41.825443, 75.317047, 30.306667
42.376682, 75.539062, 72.79515
42.148185, 74.76535, 65.776664
41.984279, 76.245269, 53.453334
41.863697, 71.703033, 203.73106
42.002174, 74.770843, 34.552501
41.417102, 73.992279, 101.10833
41.923854, 76.399536, 39.844047
42.704723, 74.276245, 15.466666
41.894123, 73.842285, 30.778333
42.099453, 74.8255, 35.584999
42.151474, 74.207794, 7.7016668
42.228374, 77.81195, 32.444999
41.780178, 75.695404, 52.732879
41.794071, 74.044067, 71.684761
41.685771, 73.484436, 98.092781
42.256092, 75.422821, 119.97785
42.090416, 74.785583, 7.4733333
42.314094, 75.679779, 74.88272
42.340858, 72.670013, 19.045
41.970371, 75.970916, 77.050003
42.006282, 74.467437, 44.011665
41.602172, 73.782257, 33.319583
42.53461, 65.285888, 17.35
41.996185, 76.652984, 45.381668
42.381752, 78.148468, 54.659523
41.690357, 73.78775, 230.08795
41.329811, 75.934295, 126.15667
41.858608, 74.770721, 18.128845
42.186359, 75.936737, 75.355003
41.85741, 73.163635, 47.078334
42.238956, 73.595581, 74.705001
42.105461, 75.068573, 26.166191
41.972801, 75.091583, 107.98404
41.959446, 72.661956, 106.6195
42.005264, 77.09909, 96.700607
42.041137, 74.20578, 85.998046
41.590187, 77.651702, 20.22738
42.253315, 74.074401, 72.448722
42.507331, 74.634338, 50.534805
42.530487, 75.080444, 5.3899998
41.961994, 71.983367, 81.0
41.751365, 75.994964, 59.778331
42.07196, 73.732605, 47.439582
41.958824, 75.374176, 12.476666
42.04256, 73.78778, 83.338806
42.234008, 74.987793, 9.2966671
41.777332, 74.966766, 36.871429
41.443508, 74.575805, 168.77317
41.781707, 73.869812, 63.224762
42.096843, 75.045379, 25.204999
41.908737, 77.123291, 96.092781
42.582096, 72.38562, 94.925003
41.939212, 73.284393, 31.559047
42.103469, 71.753387, 32.026191
41.504692, 74.851043, 51.305
41.946594, 75.674987, 22.156665
42.25241, 75.785278, 31.562879
42.074008, 74.875305, 62.389999
41.941215, 74.931732, 81.593696
41.848278, 77.455627, 8.625
41.698638, 74.688568, 70.352615
41.759948, 74.951812, 221.60987
41.676071, 74.795135, 120.12588
41.924949, 73.004058, 77.581665
42.014102, 75.213195, 25.74119
41.895015, 76.286651, 88.472618
42.22536, 75.239257, 101.59645
41.735591, 75.725677, 91.221313
41.936233, 74.437805, 109.77833
41.895702, 74.575225, 54.464473
42.41901, 73.37445, 27.389999
42.274856, 72.047607, 17.786666
41.669872, 74.424102, 69.238136
42.125785, 76.688842, 22.639999
41.530265, 72.436645, 46.546665
42.354381, 74.636749, 16.973333
41.446067, 77.347198, 148.07
41.849609, 76.211853, 110.49822
41.826274, 72.96054, 58.318332
41.915206, 74.891326, 20.386428
42.106349, 75.340301, 170.2371
42.097576, 74.980377, 123.8295
42.106914, 75.306457, 22.077858
42.00373, 75.15271, 20.008333
42.102119, 76.137298, 66.975952
41.866874, 73.917144, 46.955875
41.759056, 74.838256, 53.456012
41.555248, 73.942352, 87.293335
42.079612, 75.9151, 205.18499
41.882736, 74.664489, 110.93476
42.124465, 75.417083, 53.617942
41.990367, 75.538543, 101.84583
42.124828, 76.575775, 59.393333
41.628936, 72.927368, 64.877807
41.781398, 74.231384, 63.616363
41.778759, 73.875854, 55.488334
41.477508, 76.288726, 146.095
42.453842, 76.662536, 15.588333
41.827152, 74.926696, 60.295875
42.266563, 73.753204, 129.78059
41.588771, 74.050415, 66.139999
41.958702, 73.498535, 33.062381
42.48067, 73.703735, 11.418333
42.296627, 73.734619, 8.8483333
41.551189, 72.489868, 29.746666
41.581352, 73.746734, 46.854999
42.321746, 74.812561, 36.595001
42.122261, 74.532165, 41.069999
41.699008, 71.809814, 77.976272
42.180191, 76.719238, 70.721817
42.256351, 74.471008, 142.31666
42.360618, 74.113281, 24.773181
42.052764, 74.577301, 65.71833
41.61885, 75.330535, 19.881191
41.376365, 72.717773, 40.459999
42.31694, 74.841796, 31.077381
42.643615, 74.466522, 21.786666
42.15718, 74.296814, 22.196189
42.1861, 77.08966, 24.161666
42.209564, 76.654266, 14.876667
41.837345, 75.797119, 34.615833
42.106227, 71.215484, 37.406765
42.327365, 75.892059, 57.281471
41.918987, 74.8703, 41.79
42.49916, 74.720459, 12.126428
41.811702, 74.051696, 73.676666
42.060321, 75.02304, 38.163333
41.487838, 76.477294, 81.292564
42.833725, 74.171508, 47.523334
42.381633, 75.31842, 132.39166
42.154182, 75.954956, 96.830001
41.376926, 75.274505, 40.927726
42.34161, 71.796814, 129.62258
41.451477, 75.540496, 25.9125
41.641933, 75.515228, 217.91999
42.280212, 75.09909, 47.271152
42.160354, 74.832763, 60.186016
41.562721, 74.107543, 27.389999
42.18124, 74.95932, 82.256668
42.031402, 74.12503, 39.448333
42.345871, 73.527587, 82.595642
41.7224, 74.621154, 78.038787
41.8027, 74.0513, 178.26832
41.790168, 77.008514, 43.858333
41.9827, 72.91986, 65.319999
41.604137, 75.622161, 20.246666
42.183837, 76.2341, 52.931667
42.508102, 74.017211, 31.153205
41.776943, 73.85202, 20.993333
42.245052, 74.438171, 31.924999
42.019302, 75.002899, 85.904998
42.074382, 75.735748, 155.38864
41.658386, 73.980346, 104.83357
41.707443, 74.706024, 54.825
41.762859, 75.011871, 112.95833
42.215065, 75.921325, 154.30197
42.024784, 73.042083, 34.51218
41.59909, 75.50177, 28.503334
42.069397, 74.007385, 35.73143
42.295368, 77.467071, 55.099048
42.171447, 75.381103, 37.534999
42.188064, 74.712463, 9.208333
42.383342, 72.72998, 68.354133
41.473457, 74.756408, 74.898094
41.953983, 73.442901, 42.211666
42.469646, 71.46112, 57.04
42.351516, 72.862243, 24.931667
41.72113, 74.706268, 55.099998
41.911003, 75.692474, 105.32863
41.828552, 75.292938, 24.139999
42.184074, 74.901275, 38.932121
41.569503, 74.213348, 15.987381
41.908279, 74.760314, 37.718334
41.431953, 74.574066, 8.6949996
41.672409, 75.317352, 105.54499
41.470916, 77.727233, 16.155834
41.70074, 73.599273, 30.909849
41.555687, 73.628784, 25.083334
41.932235, 75.26474, 23.898332
41.804973, 72.848693, 88.739524
41.569137, 74.534057, 10.39
42.008518, 72.972961, 105.98357
41.936058, 75.444244, 6.2150001
42.043579, 75.082519, 62.146251
42.289669, 76.197143, 62.372379
42.498958, 74.170867, 53.763332
41.607555, 74.767486, 124.70439
41.990623, 74.603363, 33.29
41.473419, 74.541503, 45.406665
42.022213, 75.652099, 84.003334
42.048957, 74.351135, 69.964996
42.21944, 72.68927, 21.063333
42.045822, 74.487701, 32.101276
41.836162, 75.33432, 81.202308
42.263641, 75.141296, 68.048332
42.136615, 72.443328, 69.211669
41.618415, 75.734283, 76.242683
42.319908, 74.294311, 19.843334
42.039115, 73.495758, 58.169048
42.488803, 74.948089, 30.075
41.847202, 73.857299, 96.105407
42.190792, 74.916015, 87.716049
42.652557, 72.802032, 119.23059
42.188102, 75.167175, 35.791667
42.230453, 73.914306, 7.3049998
41.989559, 73.399108, 88.621429
41.584522, 75.787841, 71.735
41.747093, 74.460723, 56.77436
41.903682, 76.233764, 137.34832
42.265083, 75.452697, 25.494524
42.132843, 75.482086, 35.904998
42.083278, 74.034668, 62.575
42.45251, 73.7276, 20.49119
41.790504, 75.394134, 25.838333
41.694404, 74.571655, 22.459999
41.572727, 75.014221, 13.744999
41.497833, 73.690094, 175.08155
42.193241, 74.649505, 29.691667
42.09885, 75.38681, 54.104763
42.569324, 73.652374, 61.096538
42.436798, 75.303161, 28.863332
42.322811, 75.815826, 155.85105
42.267494, 73.990539, 93.472549
41.957374, 74.423889, 62.470607
42.280017, 73.515136, 27.923334
42.681961, 72.217926, 33.84288
41.530517, 73.786254, 75.276367
42.380226, 75.263397, 35.022914
41.792141, 75.373382, 80.110359
41.904193, 74.75708, 81.496109
41.725257, 76.190551, 10.497381
41.972702, 74.075836, 43.269092
41.772117, 74.016632, 35.461864
41.617618, 74.547271, 75.000236
42.254543, 73.588195, 43.396667
42.150787, 74.341186, 84.425003
41.825729, 76.330291, 103.41309
42.116184, 73.559661, 140.16378
42.328022, 75.989807, 33.285301
41.980278, 74.053222, 78.59452
41.8176, 76.786773, 128.33772
42.459312, 74.33963, 31.71346
42.574737, 75.636779, 13.63
42.624012, 74.949585, 58.742366
41.917995, 73.967407, 20.889999
41.689998, 74.586181, 35.17625
41.681613, 74.32727, 31.43782
42.238884, 73.684753, 109.85833
42.176334, 74.401855, 20.320715
42.109726, 74.270111, 22.808332
42.307125, 73.770172, 11.29
41.785755, 75.127197, 61.067821
42.012161, 76.420257, 37.48143
41.834346, 73.781768, 89.862617
42.140979, 75.043731, 134.38023
41.830608, 75.923278, 122.57
42.018028, 74.742004, 64.991668
41.461803, 74.919738, 52.413333
41.930858, 74.802581, 37.386665
41.802513, 73.784545, 92.980255
42.370449, 73.48706, 43.366664
41.930397, 73.638488, 65.802948
42.806888, 75.776397, 10.458333
42.108737, 72.77835, 71.163238
42.246654, 75.703643, 40.369998
41.812286, 74.601409, 23.54619
41.841259, 75.789367, 14.675
41.919635, 73.403076, 46.813331
42.444767, 74.644378, 51.349998
42.227092, 73.73941, 33.918846
41.836959, 73.612365, 59.741863
42.290443, 73.091186, 243.63833
42.369693, 74.3013, 58.651668
42.755943, 74.952209, 80.933937
42.417182, 75.004364, 21.373333
41.917835, 169.14962, 11.851666
41.785377, 74.184204, 107.03302
41.809494, 74.568634, 101.41333
42.174602, 74.209869, 77.548332
41.896492, 76.718109, 84.072425
42.127029, 72.930603, 96.309227
41.842247, 75.0, 81.754997
42.086586, 73.646453, 47.996666
42.288726, 75.884643, 32.149913
41.898132, 73.102813, 52.801666
41.622589, 72.991668, 21.606666
42.536491, 75.107116, 53.919998
41.795406, 73.775268, 38.169849
41.953849, 75.822265, 70.703331
41.664733, 73.991668, 33.325511
42.137172, 73.109008, 8.9816665
41.84156, 76.282714, 87.025001
41.911663, 73.847595, 69.696594
41.861412, 74.18283, 44.646568
42.356144, 77.48944, 12.713333
41.955974, 72.614257, 96.122383
41.697818, 73.662384, 83.52333
41.961307, 75.690429, 10.509166
42.353214, 76.003051, 135.79985
42.543273, 75.682128, 7.5666666
42.146366, 72.644897, 92.107818
41.800693, 73.325897, 46.239582
41.321544, 76.471283, 48.15343
41.804946, 74.759491, 86.633033
42.525939, 75.627014, 61.866249
42.182907, 74.482849, 75.356666
41.493957, 75.237426, 55.113182
42.001487, 76.078308, 46.62976
42.018302, 75.897247, 68.488807
41.833049, 72.298919, 18.333334
42.100837, 73.834289, 17.104999
41.930271, 72.860382, 17.326665
41.645561, 75.827758, 47.584999
41.908748, 74.028717, 85.775001
41.618629, 75.594512, 13.628333
41.897213, 75.739044, 66.271026
41.897419, 74.772338, 13.79
42.014289, 74.540527, 19.815
41.581642, 73.439727, 138.40916
41.935955, 74.587554, 68.68
42.517398, 76.750335, 201.97819
41.872219, 73.371093, 97.831665
41.764167, 75.701171, 120.39666
41.847557, 74.587616, 98.442718
42.127025, 75.330688, 70.996666
42.259742, 74.285858, 94.48619
41.410842, 74.704467, 53.701667
41.770061, 76.178344, 38.507049
42.129154, 73.509185, 70.451667
42.079074, 72.57846, 81.275001
42.194335, 75.388549, 40.148334
42.317497, 73.771301, 36.941154
41.969257, 74.952453, 48.834999
41.558021, 73.655792, 51.525001
41.46413, 74.821563, 75.040359
41.905677, 74.000122, 9.7749996
42.089904, 72.778869, 73.653335
42.053508, 73.3479, 52.228332
41.584129, 58.751312, 10.385
42.318931, 76.531585, 56.826667
41.859584, 75.942352, 62.113571
41.754928, 73.4487, 27.656665
42.060802, 59.616394, 11.289166
41.753837, 73.464721, 17.388635
42.171176, 74.901733, 18.598333
41.324035, 73.475952, 84.748222
41.726543, 72.219024, 59.170127
42.304977, 73.326232, 19.655
42.371868, 73.164245, 27.444047
42.003894, 72.000244, 47.641666
41.894336, 72.920471, 42.419998
42.03189, 74.846466, 71.260879
41.730285, 75.861633, 124.30692
41.634872, 74.438385, 47.512382
41.625171, 77.823028, 142.27621
41.909542, 75.279724, 56.019386
41.52222, 74.305206, 33.629581
42.493511, 75.264221, 21.923334
42.387222, 76.077117, 16.401666
41.784469, 73.891174, 19.363094
41.473857, 74.454162, 32.095001
42.33525, 74.157379, 10.806666
42.473758, 74.184448, 60.302917
41.981033, 74.149841, 22.364999
41.827369, 72.283599, 121.19
41.906715, 76.358245, 76.666664
42.291492, 73.361145, 53.421665
42.139289, 72.882782, 148.35585
41.740406, 73.989929, 103.08242
41.970459, 75.440826, 99.074996
41.789932, 74.216278, 180.21833
41.937686, 75.314697, 51.689033
41.962722, 72.82022, 8.708333
41.899593, 74.706176, 17.86
41.451046, 75.405761, 67.376663
41.768756, 75.321197, 49.726226
41.809696, 74.972808, 22.878334
42.026119, 74.805786, 87.379119
42.045749, 74.31427, 54.650001
42.18518, 76.104492, 193.28904
41.957351, 76.043945, 24.155
41.936683, 75.305481, 47.151668
42.183124, 75.07904, 36.660713
41.937568, 75.171264, 133.8175
42.495376, 74.210418, 128.36
41.743057, 73.051605, 32.319168
41.852558, 75.818481, 21.059999
41.553417, 76.018524, 26.155
42.129451, 75.302063, 32.991664
41.757949, 73.091064, 15.875
41.950923, 74.029083, 27.136514
42.124065, 73.16571, 22.91119
42.102603, 73.354736, 16.504999
42.246326, 74.301178, 22.556282
41.467475, 74.236602, 29.759523
41.754482, 74.712066, 70.402717
42.000789, 74.062805, 27.996765
41.986751, 75.497985, 26.021667
42.103961, 74.627105, 153.99417
42.216331, 75.48648, 6.2824997
41.866184, 76.058441, 80.995002
42.267303, 74.502563, 26.879999
42.27909, 73.954345, 45.411666
41.947876, 73.447235, 134.33979
42.270698, 73.748718, 149.6802
41.587734, 74.595336, 135.88333
41.832927, 76.625915, 38.217857
42.031845, 75.514099, 69.722618
41.993282, 75.865692, 35.119998
42.043113, 75.895111, 14.201666
42.255027, 73.116455, 76.701667
42.529071, 75.757782, 14.454999
41.84766, 73.294708, 42.170383
41.91109, 72.354522, 54.625713
42.253063, 74.340576, 41.378334
42.021965, 74.005157, 118.1569
42.394279, 73.85379, 12.875
41.591381, 75.379303, 167.08601
41.783016, 74.888977, 19.873333
42.232658, 76.995056, 23.293094
42.217018, 74.506835, 43.177547
41.635898, 76.254241, 43.263717
41.861728, 71.866302, 27.344999
41.788967, 76.189056, 20.739999
41.931438, 72.908569, 60.476665
42.57938, 73.823944, 25.581666
42.406185, 74.679107, 22.809999
42.142219, 76.876129, 134.65928
41.929161, 75.146575, 86.450836
42.108825, 72.581573, 17.715
41.741081, 73.901855, 90.974418
42.209648, 75.494323, 46.471668
42.239097, 75.53244, 55.418335
42.287616, 75.867218, 24.843334
41.982757, 74.86087, 45.803333
41.803249, 75.324218, 46.828334
41.813491, 74.457824, 68.115715
41.615245, 76.283905, 109.85575
42.572998, 73.301849, 60.471668
42.574127, 74.809539, 58.005001
42.171604, 73.995575, 109.14176
42.071106, 74.358825, 81.82286
41.453098, 75.598266, 24.135833
42.291233, 73.13269, 164.16424
41.72052, 72.976501, 164.56234
41.770496, 72.593139, 72.883941
41.516895, 75.110809, 150.16038
42.13776, 74.283844, 34.293335
41.752304, 74.364624, 60.542141
41.905983, 75.706848, 59.136665
42.16138, 72.902557, 32.143463
41.775123, 74.395019, 110.55659
42.046188, 76.470092, 36.831428
42.808853, 73.498474, 82.462776
42.093784, 75.189697, 23.989999
42.017555, 72.737518, 14.193333
41.692333, 74.882965, 164.52166
42.048454, 75.356384, 76.895477
41.862491, 74.361419, 37.787982
42.360698, 72.176879, 81.054168
41.768772, 74.759948, 118.94666
41.467151, 74.700408, 94.956359
41.791694, 91.499328, 5.2699999
42.126552, 73.855194, 45.924049
41.801395, 74.113098, 70.684791
41.90269, 75.854187, 87.463333
41.639308, 76.643341, 86.683029
42.161861, 76.308746, 100.71077
41.457389, 75.612731, 87.259445
42.077079, 75.995575, 8.3450002
41.440094, 75.83609, 38.341667
41.769969, 74.850738, 149.09333
42.334762, 72.899627, 171.90333
41.607288, 74.631073, 33.738334
42.091106, 75.953521, 91.936607
42.127494, 74.435577, 59.490001
42.135227, 73.823577, 79.078041
42.025333, 75.920349, 38.111427
41.544956, 73.999054, 80.73545
41.810222, 74.62445, 144.4255
41.580211, 75.197479, 14.875
42.202316, 75.697235, 31.715702
41.737258, 75.206726, 47.606666
42.208705, 74.591735, 40.593334
42.093662, 73.348144, 55.333332
42.309978, 74.061492, 97.873336
41.949543, 75.014984, 112.89987
42.038368, 73.876068, 161.71357
41.620552, 75.919952, 39.582916
42.546466, 63.264526, 26.77
42.609912, 76.22647, 125.00695
41.642681, 74.529144, 18.087856
41.661151, 75.168121, 60.041667
42.633266, 73.613952, 24.760713
42.041465, 73.625701, 98.865875
42.269786, 72.854827, 17.614999
42.644371, 75.56903, 24.816667
42.070667, 69.960479, 44.012382
41.759845, 73.644104, 51.286537
41.836971, 75.349243, 24.801666
42.453498, 73.865173, 109.8797
41.845138, 72.986572, 49.238334
42.163368, 73.885376, 63.265785
41.819877, 74.240448, 9.1516666
42.506725, 73.10263, 22.323333
42.028011, 73.014434, 151.88295
42.013549, 73.054473, 5.2233333
42.304706, 75.45874, 71.754852
41.704017, 74.710449, 45.459999
42.058357, 76.23941, 48.668335
42.372165, 74.120056, 12.979999
41.947803, 75.173431, 31.485
41.92789, 74.991912, 40.001087
41.887897, 72.995117, 52.904853
42.132083, 75.956176, 10.813333
41.982208, 71.823028, 103.86166
41.775173, 74.295379, 8.128333
42.170211, 74.715728, 80.34333
42.092552, 75.693725, 53.064998
41.41016, 75.54721, 61.933334
42.176048, 73.510406, 88.14167
41.613132, 75.566589, 63.321273
41.628032, 74.598388, 78.050239
41.853462, 75.148712, 26.788333
42.208244, 75.022094, 72.283569
42.086704, 73.653869, 48.811668
42.155258, 75.251556, 68.636665
41.903404, 76.342224, 14.490881
41.802516, 75.395141, 16.055
41.835037, 75.539062, 89.747886
42.838661, 73.797454, 12.833333
42.316513, 72.996582, 170.60377
42.692787, 73.797576, 28.268333
41.862522, 72.267517, 93.875
41.918972, 75.512176, 38.459999
41.710018, 74.482116, 14.145