#a2050.txt, PH, ToF, MCP PH
59.326404, 73.392547, 103.14666
59.42181, 74.277923, 68.448333
59.364673, 73.488983, 66.816665
59.263332, 73.335449, 39.518138
59.511821, 73.822021, 111.36123
58.854599, 74.480926, 27.174999
59.136825, 74.363006, 54.889999
59.525642, 73.183502, 14.802499
58.701351, 72.938079, 74.143333
58.841159, 75.040893, 28.208334
59.109588, 73.990905, 5.9250001
59.306961, 75.024231, 11.148333
59.206356, 74.012237, 48.418724
59.373397, 73.105987, 31.458334
59.32991, 73.093078, 93.194526
58.659862, 73.363098, 143.92617
59.146068, 73.601318, 16.593334
59.36655, 75.365203, 97.826149
59.402301, 74.514282, 74.525711
59.130767, 74.369964, 31.632499
59.363613, 74.058471, 39.645
59.68597, 72.561798, 37.231666
59.280601, 74.406127, 35.156189
58.989692, 71.881378, 113.15786
59.325077, 74.088439, 101.65404
58.954212, 73.118866, 52.913333
59.11156, 73.329498, 38.376667
58.764862, 75.773071, 12.951666
59.363483, 74.129852, 95.819999
59.28099, 73.535278, 59.035785
59.254406, 72.978637, 23.128334
59.235141, 72.305908, 37.403183
59.421276, 73.675598, 126.95666
59.146232, 73.817413, 12.35738
59.62117, 72.938598, 45.756668
59.859428, 74.293518, 23.418333
59.140178, 74.30249, 156.01211
58.913204, 73.340576, 19.893333
59.565162, 74.372314, 14.633094
59.492511, 73.622619, 15.293333
59.370815, 73.270965, 39.485
59.147449, 73.577911, 98.009712
59.275203, 73.717712, 79.604164
59.046714, 73.210968, 20.978096
60.104633, 73.913421, 18.639999
59.921283, 72.946929, 38.891666
59.358516, 74.024444, 42.961666
59.310932, 74.537414, 39.841667
59.389217, 75.470275, 98.618095
59.448993, 72.08316, 35.708332
59.486789, 74.326019, 33.537982
58.937801, 74.176696, 32.044525
59.349834, 74.626464, 150.90167
59.153347, 75.158691, 29.818332
58.820011, 72.824493, 169.80738
58.969116, 73.367065, 77.125473
59.802536, 73.58319, 48.358333
59.768817, 75.153045, 17.197856
59.604595, 73.645446, 82.849998
59.401256, 72.925231, 106.42666
59.349971, 74.522338, 74.053428
59.406757, 74.31314, 92.639694
59.103794, 73.050384, 91.804031
59.472423, 73.10498, 44.223594
59.561756, 74.852752, 26.283332
59.593605, 73.581573, 22.096666
59.347686, 73.882995, 102.95478
59.08282, 71.816864, 49.613597
59.436794, 71.694549, 64.660003
59.452526, 73.177032, 67.388336
59.359649, 74.282074, 98.019996
59.458663, 73.394409, 72.283569
59.131549, 73.809112, 36.531971
59.152534, 73.556762, 99.561378
59.370327, 74.29422, 33.196666
59.180862, 75.143646, 45.398094
59.088363, 73.74884, 41.681667
59.694309, 73.464843, 18.01
59.900039, 74.017761, 98.530525
59.529537, 74.462951, 32.992382
59.007751, 73.822845, 95.449745
58.813854, 74.437561, 23.668333
59.623336, 73.491455, 87.841026
59.486473, 73.0307, 42.581665
59.249038, 73.103637, 17.28
59.59542, 72.728759, 29.29
58.81863, 74.043975, 41.356189
59.904418, 73.386535, 43.423236
60.243049, 73.519836, 27.745
59.712543, 74.33493, 46.105712
59.12907, 74.607482, 33.275001
59.07669, 73.262085, 119.51176
59.574512, 73.671691, 55.209999
59.547924, 72.90509, 20.445833
59.91566, 74.217346, 44.646667
59.505497, 74.192138, 35.661968
59.845661, 74.382354, 25.423334
59.001201, 73.178222, 36.729999
59.097934, 72.895965, 31.712499
59.25254, 73.165863, 54.016666
59.513397, 74.304779, 73.896667
59.532474, 74.053894, 91.025001
60.087947, 74.58374, 45.354999
59.364875, 74.121246, 40.579166
59.230461, 73.599945, 8.5200004
58.97253, 72.48703, 62.463233
59.527568, 73.813568, 64.371666
59.739646, 74.159912, 84.928337
58.74311, 74.098388, 65.436592
59.193637, 73.294464, 23.889999
59.431274, 73.869506, 25.415
59.345504, 73.361572, 36.683719
59.626308, 74.160614, 62.997501
59.340488, 74.339721, 98.989997
59.571281, 72.333252, 85.226669
59.239986, 74.57547, 35.563331
59.874229, 73.068664, 83.620002
58.698421, 74.174346, 58.361667
59.319839, 74.829559, 34.338333
59.445625, 75.216278, 21.189762
58.917152, 73.862457, 37.183334
59.538391, 71.960479, 36.953247
59.782211, 73.10147, 78.225875
59.307926, 71.348419, 18.103332
59.307594, 74.11502, 25.792499
58.64907, 73.745483, 18.641666
59.452369, 74.055053, 11.653333
59.297927, 72.931671, 9.3483333
59.636489, 73.037048, 15.794047
58.901615, 73.904144, 70.296905
59.674144, 73.624908, 11.149999
59.528019, 73.610107, 75.761665
59.023727, 73.962371, 90.419242
59.507953, 73.506927, 78.486663
59.293766, 73.026031, 24.928333
59.730033, 74.069549, 38.459762
59.408508, 74.547912, 8.8733329
59.633091, 73.039093, 112.74833
59.145214, 73.020904, 87.331817
59.700065, 74.151153, 99.083839
59.131279, 74.154815, 59.236667
59.172084, 72.041046, 51.575714
59.577652, 74.491516, 11.915
59.445587, 73.790649, 24.83119
59.040943, 73.477386, 42.329582
59.601844, 73.923919, 119.54101
59.50291, 75.209198, 118.46572
59.313793, 73.875762, 79.967437
59.16745, 73.845245, 59.485702
59.012619, 73.567627, 43.366539
59.336635, 73.798706, 44.623333
58.69569, 73.872772, 76.288505
59.350044, 73.950836, 126.51679
59.392803, 74.931243, 105.57666
59.459861, 74.065643, 33.531665
59.253032, 73.228515, 112.05757
60.008953, 74.493103, 31.658332
59.278942, 73.036956, 90.818336
59.348724, 74.163421, 19.254999
59.191253, 72.545623, 44.86
59.099948, 72.492553, 60.438331
59.282722, 74.043518, 31.111665
59.368328, 75.095184, 78.389915
59.788288, 73.291992, 22.985834
59.639492, 74.515869, 94.949996
59.374168, 73.215972, 14.38
59.224391, 73.230896, 137.91482
59.475639, 74.652435, 73.733329
59.127159, 73.657409, 115.70994
59.450294, 73.730743, 12.864048
59.393104, 75.437225, 112.20039
60.042366, 72.880432, 21.305
59.446228, 75.132354, 61.182369
59.546329, 72.413757, 8.835
59.409763, 73.134338, 47.604999
58.769863, 71.871948, 13.4025
59.476951, 74.200561, 18.741666
59.274326, 73.780639, 50.557754
59.783477, 73.626739, 63.449523
59.829998, 73.221893, 62.599998
59.904911, 74.222015, 105.94
59.344104, 74.325408, 34.266666
59.032146, 73.252136, 147.71484
59.20269, 72.780273, 73.827377
59.323722, 74.560791, 17.75
59.487613, 73.567749, 10.345
59.457115, 73.673675, 53.2
60.108284, 72.401702, 137.91151
59.55257, 74.699249, 74.21923
58.578311, 74.147552, 15.71
59.271476, 74.702331, 16.491666
59.385498, 73.899902, 83.416664
59.838569, 74.105804, 99.528488
59.430595, 75.359802, 26.834999
59.241859, 75.094574, 19.618333
59.534725, 72.726623, 97.114707
59.693851, 73.01892, 53.916667
59.092304, 73.541809, 135.12309
58.969326, 73.073761, 55.321315
59.430461, 74.606781, 23.629999
59.250179, 74.647155, 67.912857
59.233917, 74.076141, 122.88166
58.661769, 73.857391, 10.093333
59.267265, 74.073516, 75.491088
59.737636, 74.241088, 148.58166
58.977523, 74.070037, 33.363182
59.135566, 74.775543, 19.611665
59.413906, 73.565216, 124.205
59.259845, 73.637298, 118.36372
59.893711, 71.200683, 127.20024
59.018909, 75.024902, 80.408096
58.979782, 74.757293, 33.279998
59.577148, 73.986084, 22.635
58.856086, 74.183502, 25.829999
59.476192, 74.384918, 35.969165
59.524589, 72.120208, 73.521431
59.605232, 74.251495, 82.321815
59.442272, 71.794555, 67.601669
59.230987, 73.452667, 68.704605
59.521911, 73.857574, 7.6216664
59.008735, 72.802246, 12.368332
59.27581, 73.357757, 80.756668
59.311481, 72.380065, 12.421667
60.193012, 74.33786, 165.93931
59.324428, 73.469482, 48.00476
59.871246, 73.398162, 26.479166
59.840797, 74.707183, 155.1154
59.41222, 59.868438, 27.139047
59.340339, 74.155395, 73.902854
59.518413, 72.928924, 60.001667
59.262882, 74.70462, 39.508335
59.336929, 73.849945, 154.3125
59.157348, 73.162933, 112.69833
59.30878, 74.377044, 99.581665
59.556011, 74.550842, 38.681667
59.487632, 74.480285, 43.099998
59.183956, 73.939025, 72.955001
59.260208, 73.2229, 102.57572
59.087715, 74.889709, 50.119117
59.065528, 74.589447, 45.342178
58.876216, 73.321472, 100.845
59.223163, 74.487457, 89.96833
58.971389, 73.755889, 84.587501
58.785083, 73.551605, 112.32
58.972084, 72.906921, 10.133333
59.488197, 72.507019, 162.36833
59.301094, 73.566986, 36.459117
59.696685, 74.20227, 87.652305
59.026256, 72.202972, 108.03015
59.18132, 74.84024, 68.303337
59.144901, 74.585907, 58.356666
59.009594, 74.189331, 43.901191
59.194252, 74.278045, 24.571666
59.446743, 74.588714, 16.135
59.406944, 73.276855, 19.817728
59.328151, 73.297576, 55.689525
59.489635, 73.505645, 56.470001
59.323604, 74.01535, 22.856666
58.982311, 75.003997, 5.6816668
59.496128, 74.060272, 57.089584
59.501678, 74.997192, 65.529998
59.194488, 73.537078, 9.019762
59.614234, 73.312561, 33.0
59.042514, 75.532806, 42.210884
59.201873, 74.258483, 38.929046
58.987335, 72.124969, 39.95956
59.397155, 72.660766, 27.759614
59.556743, 74.737426, 74.824996
59.624282, 71.625244, 70.80278
59.404556, 74.663421, 88.819564
58.912227, 73.197937, 114.67465
59.626003, 74.433746, 78.508789
59.045146, 74.191436, 36.104999
60.049636, 72.693725, 116.83812
59.587772, 74.274108, 61.272682
59.328407, 73.961395, 47.620239
60.157405, 73.692993, 46.685001
59.534915, 74.56195, 10.534999
59.358284, 71.895416, 26.088094
59.443515, 74.879516, 25.459848
59.281013, 73.94345, 42.051429
59.820194, 73.209106, 44.779998
59.295867, 73.284912, 59.426666
59.599372, 73.081665, 63.755703
59.423027, 72.958313, 51.856666
59.14122, 73.890808, 53.475196
59.499462, 74.425506, 52.774475
59.577892, 72.81903, 15.297857
59.749492, 74.416046, 16.364999
59.315898, 73.932342, 17.95
59.724952, 72.467193, 33.564998
59.962127, 73.575897, 9.037857
60.027633, 75.073059, 24.19
59.353172, 74.770477, 67.693573
59.52703, 73.32022, 53.437381
59.333553, 73.370025, 67.470001
59.457653, 73.908783, 7.3316664
59.527835, 73.860137, 60.256668
59.42414, 73.624816, 80.893333
59.02061, 74.127227, 40.09
59.561924, 74.03836, 78.501319
59.730087, 72.641235, 29.613332
59.525138, 74.75827, 73.576248
59.131519, 71.921295, 123.75
59.253334, 72.779327, 95.20906
59.633335, 75.24591, 122.84547
59.077121, 73.747924, 189.06916
58.745204, 74.259216, 82.461425
59.514892, 75.57727, 68.27333
59.473289, 72.842468, 112.40499
59.314209, 75.16983, 20.864048
59.26432, 73.795166, 7.9233331
59.612114, 73.761566, 5.5966668
59.705024, 73.173492, 49.177547
59.75217, 73.573089, 28.806667
59.192009, 74.148132, 96.258125
59.486282, 73.163665, 23.75
58.952899, 73.473449, 90.546928
59.915248, 72.566833, 14.446666
59.207897, 74.557128, 38.291969
59.965526, 72.095611, 27.553333
59.075096, 72.70224, 93.0
59.63998, 73.670562, 93.776901
59.128738, 72.847045, 17.253334
59.23336, 74.724395, 144.10914
59.415229, 75.286438, 64.51667
59.332088, 74.163604, 36.892917
60.21976, 73.789215, 31.867727
59.090473, 73.024383, 34.598331
59.109909, 73.201843, 46.746666
59.665813, 73.689605, 74.376663
59.483539, 72.837982, 31.774999
59.012416, 74.125244, 64.721061
59.295543, 74.685455, 19.023332
59.485729, 73.907226, 176.10499
59.187694, 73.480041, 20.614486
59.47052, 74.86621, 55.566665
59.665412, 228.0317, 5.3244872
59.556247, 74.537872, 42.301666
59.141723, 73.942718, 59.483333
59.281707, 73.731292, 103.94479
59.812706, 73.341033, 53.703205
59.74654, 72.413147, 6.9450001
59.4724, 73.853942, 26.125513
59.1231, 74.08493, 26.438333
59.459495, 74.536254, 61.767982
59.805229, 73.299774, 40.560001
59.333221, 75.077575, 55.161274
59.96302, 73.386077, 31.809848
59.640781, 75.88974, 9.4149999
59.425899, 74.489013, 76.519928
58.967857, 74.170745, 77.502853
59.115837, 73.44934, 55.329582
59.137504, 73.505432, 14.925
59.361049, 73.812225, 114.61
59.235752, 75.472991, 64.376594
59.872512, 72.459411, 32.838333
59.381748, 74.247741, 78.34333
59.385803, 73.42987, 103.26924
59.32526, 73.688842, 69.908332
59.383525, 73.230743, 42.959613
59.523403, 75.112304, 14.548333
59.257648, 74.142334, 124.21666
58.656745, 73.550262, 35.216667
59.585914, 72.977478, 66.79705
59.761074, 72.204467, 49.401062
59.141708, 75.212188, 36.311275
59.373371, 72.972168, 20.139999
59.449512, 73.669799, 139.06832
59.446151, 72.413787, 35.949165
59.195423, 73.602935, 131.05332
59.458904, 59.37445, 12.716666
59.408092, 73.724212, 55.783332
59.580703, 73.250457, 33.294998
59.511631, 73.080932, 54.928333
59.674152, 72.119476, 114.36611
59.168693, 74.259429, 36.345001
59.460571, 74.686554, 105.03167
59.453662, 74.31845, 120.27359
59.809993, 74.320983, 56.526569
59.444797, 73.019928, 38.498333
59.305721, 74.071594, 127.15257
58.679603, 73.867401, 8.8950004
59.826164, 72.980621, 48.729522
58.969524, 74.439941, 110.82333
59.180492, 74.462219, 87.127433
59.535312, 73.890686, 40.449562
60.04047, 73.554046, 29.368333
59.515098, 74.850311, 23.272878
59.422447, 74.683288, 60.896667
59.182361, 73.028442, 226.13139
59.650337, 73.417572, 10.693333
59.339962, 73.626861, 42.867858
59.754604, 74.205139, 110.94166
58.891323, 74.177642, 54.942543
59.598594, 74.279724, 41.481666
58.968738, 74.787963, 142.20492
60.007892, 74.84613, 71.105003
59.222942, 73.049621, 13.761666
59.33221, 73.983154, 93.300834
59.831092, 73.428131, 75.826667
59.11586, 72.904113, 91.943336
59.277912, 71.538543, 55.705001
59.539787, 73.995513, 75.943336
59.622161, 73.718231, 86.183334
59.010635, 62.257019, 6.7830953
59.682285, 75.254791, 68.683334
59.239608, 74.705993, 59.386665
59.031482, 73.113433, 38.826667
59.212902, 72.876617, 18.296667
59.936874, 72.358856, 15.985302
59.62648, 74.038208, 70.722915
59.464069, 73.557067, 62.329616
58.671413, 72.76361, 53.201843
59.890331, 72.758422, 21.319999
59.923973, 73.896514, 49.076248
59.447807, 73.95285, 103.32447
59.502121, 73.936248, 16.85
59.509079, 74.000518, 250.40281
59.557922, 73.709167, 84.061668
59.202446, 73.157745, 26.361471
59.535778, 74.806671, 86.274169
59.770229, 73.791595, 144.14642
60.103618, 72.62857, 168.10333
59.178199, 73.893096, 106.35333
59.371738, 73.451721, 61.041862
58.980415, 74.54129, 17.84
59.561618, 72.211151, 36.970001
59.259044, 72.87387, 19.436666
59.558559, 73.557312, 90.076667
59.145027, 73.228454, 53.215
59.283351, 73.489807, 30.828094
59.452407, 74.496276, 49.746666
59.117351, 75.532318, 59.647728
59.128822, 74.287323, 54.648635
59.454567, 72.464111, 103.99809
59.42398, 73.334625, 37.795196
59.324344, 72.27185, 87.577377
59.262985, 73.113861, 10.746666
59.762111, 74.0112, 15.84738
59.90792, 74.948761, 15.158333
59.506813, 72.318939, 59.799999
60.013393, 72.700378, 25.989999
59.723545, 74.49646, 35.111667
59.173156, 73.75534, 40.494487
59.115936, 73.288604, 172.11843
59.606536, 75.457183, 74.798332
59.741233, 74.04602, 42.17197
59.465248, 73.441375, 52.019584
59.722721, 73.625824, 6.5533332
59.98035, 73.698059, 46.669117
58.947326, 74.874939, 62.648334
59.643859, 74.157897, 26.229999
59.721996, 74.034942, 86.36
59.397262, 74.395355, 83.209999
59.017452, 74.404785, 44.814998
59.365329, 73.330444, 69.943336
59.318035, 72.16629, 37.11346
59.744545, 73.445007, 92.712142
59.696098, 73.723999, 120.31645
59.219863, 73.43222, 131.78453
59.476036, 73.586181, 128.70356
59.017181, 75.047851, 58.658332
59.153041, 73.93518, 67.287048
59.776996, 73.196594, 62.958332
59.668434, 73.515899, 124.9353
59.311363, 73.82724, 55.354999
59.507244, 75.383331, 93.176902
59.390754, 74.249725, 105.14666
59.695613, 75.526519, 32.333717
59.365593, 71.903228, 95.723335
58.950363, 73.705627, 131.60611
58.557086, 73.545471, 18.589166
59.319671, 73.532836, 17.403333
59.467594, 74.333587, 51.698333
59.526115, 75.178924, 63.765174
59.590236, 73.701751, 7.7150001
59.068985, 72.943206, 25.535833
59.825168, 72.612091, 57.930236
59.317447, 74.066162, 47.371154
59.109207, 73.617126, 32.2625
59.60765, 72.70935, 49.759048
59.751014, 72.282043, 56.726188
59.59225, 72.810516, 51.406665
59.550869, 72.433502, 91.805458
59.603347, 74.617797, 95.89833
59.199565, 74.014495, 160.1898
59.431213, 74.833099, 50.575
59.430007, 74.398315, 46.57476
59.226665, 72.315765, 96.456016
59.261753, 72.579956, 34.264804
59.225978, 73.660827, 9.9149999
59.57201, 73.11206, 142.71
59.476791, 72.719085, 56.778095
59.255863, 74.490203, 60.061668
59.687522, 73.487304, 43.334999
59.806224, 72.485534, 23.956514
59.172721, 74.3096, 54.235702
59.85572, 73.408142, 11.341666
58.629478, 73.15924, 100.83333
59.798519, 73.657409, 21.746666
59.259388, 74.103546, 46.505001
59.496212, 74.476715, 125.48166
59.653976, 75.117126, 47.92921
59.913795, 74.64682, 5.2199997
59.119152, 74.052063, 134.25682
59.904312, 74.55899, 108.18905
59.619056, 73.244934, 64.399047
59.551845, 74.057006, 48.365703
58.728973, 73.704864, 207.50383
58.798198, 74.229034, 90.830238
59.306228, 72.314117, 33.723094
59.032573, 73.213531, 44.187549
59.530258, 73.350433, 93.388809
59.529762, 72.707428, 66.383697
58.817363, 72.994262, 87.443573
59.239601, 73.833953, 61.615001
59.519012, 73.233978, 25.31106
59.258316, 75.023895, 92.210609
59.521465, 74.506225, 110.83773
59.327774, 74.975097, 31.835832
59.58377, 72.765594, 81.108329
59.805339, 73.598571, 42.652576
59.54161, 74.415893, 36.541667
59.285278, 73.30899, 52.622573
59.120685, 73.161743, 101.12618
59.48207, 72.874206, 61.222858
59.536613, 73.184661, 129.84812
59.863063, 73.791503, 57.666248
59.491184, 73.53656, 31.421667
59.314827, 73.568634, 27.188333
59.587184, 73.458465, 60.572856
59.275821, 74.112976, 73.400001
59.757911, 73.76419, 24.254215
59.683227, 74.441864, 37.189998
58.935298, 74.305542, 48.609165
59.986278, 74.709686, 25.606666
59.167205, 72.973571, 73.319999
59.330944, 73.083129, 96.345756
59.043083, 73.23999, 90.306663
59.012092, 73.237884, 71.881187
59.220768, 72.677825, 38.606666
59.130085, 74.421814, 105.80595
59.296684, 74.240234, 103.59333
59.318325, 74.72586, 81.821022
59.579132, 74.92041, 16.87
59.198429, 73.506622, 28.001153
59.776062, 72.011993, 119.08499
59.395782, 182.38284, 5.6300001
59.557464, 73.19049, 40.571666
58.740409, 72.419769, 15.721666
58.69799, 74.614471, 28.943332
58.883575, 73.528442, 172.70449
59.692245, 75.594177, 32.189998
59.705333, 74.608795, 32.810882
59.174964, 74.341674, 66.871429
59.792152, 73.797485, 76.982307
58.959804, 73.291046, 30.634393
59.49673, 72.802795, 37.213333
59.559421, 73.447235, 25.025833
59.359489, 74.757812, 8.7733335
59.336593, 73.063171, 14.088636
59.15485, 74.131469, 15.771666
59.984832, 73.177734, 76.672546
59.853397, 73.344696, 90.533332
58.98756, 73.187622, 92.471427
59.17514, 72.867401, 63.191375
59.323425, 74.435913, 22.799999
59.209732, 73.104431, 21.968334
59.218177, 73.879913, 46.618331
59.338718, 73.341857, 69.560798
59.170475, 73.070892, 67.498512
59.904857, 74.778228, 16.27
59.204444, 73.219604, 96.313331
59.202697, 73.540649, 38.848846
59.570915, 75.195282, 11.028333
59.559337, 74.459625, 25.184999
59.633277, 74.162231, 23.163333
59.343589, 73.37564, 35.927379
59.746704, 72.554595, 98.694793
59.88797, 73.917541, 45.066665
59.379066, 74.462493, 82.209045
59.379257, 74.237976, 29.145303
59.533805, 74.909271, 51.686229
59.592369, 74.242614, 23.101667
59.705284, 73.54013, 33.424999
59.331596, 73.120544, 38.235
58.958141, 74.038452, 43.892948
59.591251, 72.971283, 46.866664
59.481948, 74.737518, 122.20621
59.043441, 73.183075, 11.286666
58.992153, 73.781494, 62.944999
59.158306, 73.4776, 76.021469
59.597831, 74.196655, 31.147857
59.562332, 73.844635, 67.799049
59.844615, 73.326446, 67.742576
59.207786, 74.126037, 66.913696
59.307418, 73.750213, 68.404762
59.349323, 73.45581, 17.246666
59.321674, 72.451477, 37.950386
59.309238, 74.621734, 52.214763
59.500366, 73.720367, 62.301666
59.053863, 73.973144, 58.801376
59.299808, 72.571258, 45.757942
59.848262, 74.805389, 52.599998
59.698123, 74.145477, 80.599746
59.868976, 72.902526, 45.455001
59.447704, 74.148345, 70.243331
59.812587, 73.382141, 15.113333
59.064525, 73.856842, 10.211667
59.55043, 72.548522, 62.581665
59.340194, 75.119201, 57.787052
59.448345, 73.619781, 67.821662
59.371223, 74.684295, 84.268333
59.443992, 72.796539, 59.510238
59.038784, 74.375549, 21.795713
59.225261, 73.768859, 40.428333
59.545513, 72.908416, 32.302501
59.373539, 74.617004, 108.96769
58.810947, 72.150848, 79.066665
59.875553, 74.827636, 5.7116665
59.201957, 73.112793, 131.26333
59.342762, 75.262451, 21.025833
59.714904, 74.825164, 28.393333
59.477085, 72.673309, 30.209762
59.029968, 72.97409, 205.81855
59.386379, 73.916229, 145.88999
58.994575, 74.386932, 68.116363
58.951065, 73.885101, 29.023332
59.898849, 73.189819, 23.568332
59.15467, 73.181274, 27.844047
59.714538, 72.188385, 42.619998
59.890899, 75.133789, 32.86
59.227573, 73.382293, 55.946228
60.018959, 75.088012, 28.04705
59.679695, 74.094116, 54.836666
59.412426, 74.110992, 140.71167
59.080135, 72.66748, 108.71333
59.161148, 73.241302, 111.83499
59.316627, 73.120147, 51.461273
59.409305, 75.023986, 19.373333
59.133941, 73.85971, 87.636428
59.509487, 73.887329, 52.903331
59.031368, 75.148132, 60.637981
59.264358, 72.360778, 25.033332
59.427978, 74.329498, 22.693332
59.541736, 73.279815, 42.409523
60.066417, 75.289947, 90.783332
59.619632, 73.507995, 83.28833
59.902488, 73.92453, 126.34238
59.183952, 72.982269, 75.285003
59.344883, 75.533081, 12.628333
59.190555, 73.628662, 37.424999
59.746734, 73.670684, 40.773334
59.703434, 74.608917, 97.338104
59.661006, 74.156402, 36.799999
59.397949, 74.667602, 36.951969
59.236316, 72.277374, 79.822311
59.820957, 72.98767, 50.691429
59.625206, 73.151519, 46.523181
59.166797, 74.719818, 124.37394
59.492973, 73.871765, 87.471664
59.070476, 74.315887, 75.048332
59.002857, 73.1156, 39.236667
59.042377, 73.89627, 35.194999
59.234291, 74.34378, 16.146667
59.107658, 73.887939, 38.106666
59.185382, 72.238983, 75.605003
59.154922, 73.130523, 110.14666
59.667633, 73.717285, 25.666666
58.676006, 74.802795, 134.175
59.73899, 72.995605, 48.761665
58.980972, 73.348754, 20.925832
59.404701, 72.803894, 40.668335
59.513649, 74.43988, 27.774999
59.14714, 72.374176, 8.9740476
59.588707, 72.633758, 6.795
59.603263, 73.590118, 31.761667
59.455722, 74.219085, 22.386667
59.092159, 72.667968, 20.196212
59.532817, 74.19342, 59.422123
59.664192, 74.760711, 20.318332
59.199333, 73.426666, 15.263333
59.737468, 72.787963, 25.853332
59.829593, 74.146514, 180.61515
59.322818, 73.553802, 25.649999
59.481365, 73.052429, 18.666429
59.330932, 74.118255, 91.086364
59.078048, 73.493621, 72.013336
59.956928, 73.474914, 14.568333
59.222488, 71.876403, 55.052379
59.540496, 74.14746, 60.73693
59.501796, 73.253234, 15.923333
59.212722, 74.078857, 7.9183335
59.415401, 73.842468, 10.545
59.67284, 74.275421, 38.578483
59.416191, 74.991546, 107.24666
59.110244, 73.181213, 92.696113
59.984806, 71.518768, 53.216667
58.973968, 74.485931, 17.021667
59.453323, 73.863464, 65.10083
59.798614, 74.519805, 68.702369
59.91967, 72.904571, 13.495833
59.81594, 73.480499, 31.881666
59.056903, 73.466278, 14.863333
59.641468, 72.104858, 8.2449998
59.962207, 74.06784, 25.449047
59.267643, 75.099548, 87.242309
59.298629, 73.410095, 101.8775
59.172279, 72.163635, 39.016666
59.116169, 74.856414, 54.941665
59.669559, 73.662384, 85.378807
59.569389, 73.216156, 46.263332
59.072521, 72.863128, 38.133335
59.492931, 74.122711, 99.614761
59.336486, 72.478271, 39.02621
58.530757, 73.206237, 11.928333
59.062377, 75.170867, 115.14369
58.888683, 75.553741, 30.901666
59.084884, 74.791564, 144.24667
59.377655, 74.174255, 97.311668
59.351394, 75.019775, 34.773334
59.900703, 74.823638, 48.893333
59.35923, 74.931335, 51.815757
59.043201, 73.44104, 43.678333
58.855476, 74.283752, 125.17833
58.967804, 73.516876, 62.470001
59.403656, 73.458923, 36.293335
59.067279, 73.966369, 101.275
59.389755, 75.523834, 58.353332
59.437595, 72.688934, 18.44738
59.313049, 59.895874, 41.301666
59.647144, 73.701385, 21.149999
59.296283, 73.022644, 108.20785
59.070278, 73.793548, 18.321666
59.879482, 72.532348, 102.77833
59.51337, 74.286651, 40.553333
58.984603, 73.527313, 18.368333
59.456729, 73.642974, 13.064999
58.840084, 73.98117, 75.861816
59.003948, 72.673095, 105.97661
59.453495, 73.215026, 38.003334
59.389179, 75.447143, 100.24289
59.769443, 74.296325, 165.8381
59.72808, 73.459014, 40.426666
59.308357, 73.214599, 46.275001
59.486911, 72.213745, 155.48298
59.399925, 73.77005, 25.386667
59.686191, 74.46463, 58.908332
59.432972, 74.050598, 37.136665
59.637279, 73.667663, 39.928333
59.05503, 71.514862, 64.259048
59.403514, 73.887817, 99.823333
59.543705, 73.642944, 16.296667
59.007537, 71.92041, 77.556251
59.512134, 74.980987, 108.37333
59.639095, 73.471344, 66.153938
59.515338, 74.645568, 51.776668
58.780666, 74.079284, 61.008335
59.617534, 73.492218, 6.2649998
59.825973, 72.380218, 5.5566668
59.680931, 74.321594, 62.803333
59.752788, 73.929992, 45.151668
59.25801, 74.162445, 28.131969
59.543174, 74.586853, 73.828331
59.210395, 73.951019, 40.410606
60.051734, 72.997039, 26.159761
59.482879, 72.096405, 100.66339
59.837928, 73.873718, 27.159999
59.052429, 74.870819, 19.993333
59.689029, 75.176361, 70.947822
59.475891, 74.181823, 26.776428
59.641571, 73.65625, 18.003334
59.783832, 74.444824, 70.898483
59.846923, 72.935394, 40.993331
59.413017, 73.476013, 18.629999
59.263839, 73.440094, 8.5383329
59.071315, 74.368255, 45.488334
58.717678, 72.296417, 95.85083
59.399234, 74.484802, 19.853332
59.336032, 73.696716, 33.604763
59.207935, 74.709381, 69.738334
59.331226, 72.857757, 36.685001
59.36433, 74.209594, 51.843429
59.211929, 73.823455, 70.46833
59.518314, 73.256195, 74.011428
59.526641, 73.944671, 37.619583
58.793563, 73.373504, 57.071666
59.841144, 73.23114, 65.407821
59.542694, 75.603424, 9.6083335
59.136867, 74.172088, 40.581665
59.02296, 73.958435, 88.557724
59.295299, 74.269989, 178.26333
59.626445, 72.522583, 17.091667
59.487445, 73.45462, 37.616664
59.454422, 73.350219, 99.841667
59.752933, 74.479248, 21.277727
59.646446, 73.022033, 46.938331
59.3176, 73.126007, 156.64823
59.625804, 72.980377, 67.89167
59.104915, 74.442199, 20.666191
59.622058, 73.932251, 43.243331
59.654155, 73.203704, 43.400714
59.477745, 73.605529, 33.108333
58.985042, 74.995697, 158.91246
59.398761, 73.556457, 15.916667
59.329486, 73.445129, 35.878334
59.543853, 72.864776, 20.271667
59.667457, 73.849853, 65.322914
59.424877, 75.350524, 105.98621
59.405712, 72.746154, 18.869167
59.827369, 75.111267, 167.71427
58.97393, 74.421203, 70.326927
59.420417, 73.41278, 136.85667
59.325302, 72.788574, 101.98102
59.246242, 74.154388, 65.01667
59.709171, 71.657012, 36.518333
59.370845, 73.409362, 71.039032
60.155212, 72.765594, 50.325878
59.596248, 74.133758, 46.564998
59.266613, 73.847473, 74.761665
59.208103, 71.794799, 77.014167
59.327716, 74.944366, 25.932878
59.309234, 75.882415, 25.674999
59.261112, 74.089935, 100.41666
59.425724, 73.901641, 36.326667
59.040462, 75.082794, 17.344999
59.381317, 73.892456, 97.787269
59.157264, 72.438262, 59.180606
59.525627, 73.166076, 61.068531
59.349494, 73.496887, 42.348331
59.322994, 74.020935, 103.17726
59.870578, 73.107482, 98.145912
59.406791, 75.029876, 59.333332
59.044387, 73.974792, 21.373333
59.628433, 73.207428, 60.88591
59.103141, 74.203216, 32.478847
59.003093, 74.101074, 65.353332
59.374893, 73.387146, 80.665
59.623455, 72.919891, 45.301971
58.900528, 75.606903, 18.265909
58.971553, 74.253936, 33.008094
59.7929, 73.086883, 15.678333
59.558811, 75.075683, 52.408332
60.165638, 74.907989, 59.294101
59.903129, 74.426178, 97.284423
59.17274, 73.900878, 160.75999
59.175838, 72.796844, 10.161666
59.646396, 73.12741, 228.00878
59.158367, 74.225769, 34.939998
59.542682, 73.756835, 129.94667
59.090789, 73.239532, 73.410003
59.727699, 73.853881, 27.457727
59.655292, 73.337493, 28.36
59.081226, 73.406829, 38.263332
59.395504, 75.125335, 22.603332
59.532573, 74.57434, 32.306667
59.648368, 73.600524, 42.505001
59.602611, 74.844787, 57.426906
59.801067, 73.096679, 27.115303
59.421985, 73.976562, 77.893333
59.120929, 73.914794, 175.08515
59.77943, 73.383483, 125.81833
59.443885, 74.468658, 68.306953
59.239162, 73.019744, 40.885952
59.812206, 73.227722, 46.010833
59.773651, 72.83612, 25.229999
59.409946, 74.404357, 119.04295
59.26369, 72.384155, 48.398334
59.217678, 74.397308, 154.49806
59.372116, 73.381561, 36.741313
59.47496, 74.626434, 21.612499
59.07637, 74.244201, 193.21772
59.573776, 74.011474, 59.115512
59.144043, 72.464416, 140.48262
59.06295, 73.509735, 89.426666
59.044254, 74.069824, 37.070129
59.505363, 73.458496, 8.1549997
59.485263, 73.855926, 58.673244
59.590061, 73.166107, 108.09105
59.837371, 74.479095, 30.25
59.281299, 73.725067, 46.853332
59.195766, 72.733917, 71.083335
59.771793, 75.295532, 21.887821
59.930645, 74.638824, 101.98611
59.455764, 73.525604, 144.06832
58.969371, 73.258911, 29.466667
59.466018, 73.56961, 38.699115
59.650283, 73.848877, 35.099525
58.998161, 74.873626, 40.289524
59.791149, 73.799621, 29.281665
59.420936, 73.698547, 40.224998
59.245399, 74.668579, 75.553337
59.574871, 74.625396, 60.166667
59.21471, 74.941253, 43.533332
59.687416, 72.421997, 14.133181
59.923751, 72.736145, 155.48584
59.509429, 74.0083, 22.956666
59.081783, 73.464599, 43.266449
59.734081, 73.641418, 28.731666
59.105354, 74.712738, 75.316597
59.221538, 73.338043, 56.523334
59.163848, 74.61026, 38.986427
59.337394, 74.017761, 54.711666
59.598373, 73.678283, 73.348335
59.48022, 74.692901, 73.997985
59.305942, 74.909759, 47.091426
59.40271, 73.561157, 70.278335
59.842182, 73.710113, 15.79
59.095787, 74.839721, 82.834999
59.102043, 73.448974, 24.51
59.932418, 73.168487, 48.468334
59.519695, 73.623474, 50.511665
59.272926, 74.125976, 10.508333
59.302898, 74.747192, 99.962547
59.502288, 74.644744, 90.764999
59.013366, 74.746368, 56.168045
59.549591, 74.984283, 77.014999
59.326335, 74.600006, 36.797855
59.280998, 73.960571, 25.996666
59.095432, 74.561492, 33.216667
59.91315, 74.202575, 72.059898
58.696296, 74.497039, 65.883461
59.14468, 73.424102, 39.846668
59.543418, 74.265502, 26.276666
59.624115, 72.672119, 14.885833
59.660434, 72.835907, 60.747806
59.270542, 57.858917, 17.465
59.278583, 74.227417, 86.416664
59.557949, 73.071563, 9.6216669
60.088264, 74.323455, 9.037857
59.213733, 73.76947, 28.973333
59.357696, 73.604126, 46.270713
59.273571, 72.884826, 20.639583
58.925289, 74.063537, 166.31555
59.470104, 72.412872, 70.43621
59.69067, 74.591644, 34.264999
60.041782, 74.183593, 23.673334
59.349769, 74.100982, 95.213028
59.243198, 74.04895, 109.41993
58.999218, 73.206207, 27.975
59.294761, 75.7807, 38.67625
59.03186, 73.005737, 61.882877
59.896305, 74.128082, 16.93
59.565959, 72.684143, 10.968333
59.111854, 73.892395, 35.057548
59.609836, 73.956878, 96.924804
59.398647, 72.641418, 81.739044
59.352298, 76.13446, 16.365303
58.81604, 72.597045, 27.221666
59.244518, 74.466278, 71.258331
59.174659, 73.261627, 16.186666
59.339618, 72.978179, 19.809545
59.405464, 72.773376, 191.615
59.568527, 73.011627, 64.628334
59.20779, 75.74176, 182.81166
59.191173, 74.908416, 122.14986
59.200454, 73.988342, 31.651666
59.055728, 73.74002, 40.762058
59.666965, 74.48526, 59.485176
59.390964, 73.297027, 13.1
59.518787, 74.909271, 76.349441
59.761531, 75.016693, 30.19
59.311603, 72.368011, 171.37017
59.088638, 72.706817, 49.130001
59.494403, 73.444427, 82.980003
59.196205, 74.651153, 90.846595
59.332572, 75.547424, 68.355178
59.208564, 75.86203, 62.604488
59.275878, 73.076446, 69.703331
59.694747, 74.461883, 41.115001
59.234169, 73.997833, 23.378334
58.819725, 74.588409, 18.046667
59.511955, 72.757629, 23.846666
59.319309, 73.453949, 105.96833
59.119197, 73.069824, 30.594999
59.990314, 72.853668, 42.209999
59.510753, 72.516632, 51.965
59.281082, 74.268432, 26.498333
59.233726, 74.105072, 161.88555
59.059051, 74.228973, 40.821666
59.428905, 74.253143, 140.49313
59.704727, 73.049865, 58.036666
59.326538, 74.779541, 72.660835
58.867404, 73.666442, 78.092918
59.601829, 75.118011, 38.530384
58.964519, 74.828247, 54.305
58.942852, 73.094543, 29.334999
59.609745, 72.301727, 69.580505
59.796661, 72.855743, 40.538635
59.577491, 74.953399, 52.799999
59.416709, 75.289062, 26.958334
59.480892, 73.893219, 22.819999
59.077205, 73.906921, 9.3900003
59.566375, 73.841613, 109.21666
59.923767, 73.836639, 21.041666
59.541408, 74.065399, 6.8611903
59.419147, 73.948669, 43.050884
60.011386, 74.714325, 11.199166
59.242595, 73.205322, 22.096794
59.112991, 73.817688, 83.673118
59.085815, 74.03601, 47.816665
59.763492, 75.037292, 74.309997
59.494442, 72.868225, 68.128334
59.305519, 73.899169, 30.924804
59.749633, 73.83963, 25.87
59.467742, 73.432067, 19.93
59.769416, 74.08728, 38.848529
59.774639, 73.12799, 32.309524
59.355537, 73.041381, 176.60282
59.151962, 73.081543, 45.182498
58.972271, 73.882873, 16.951665
59.541229, 73.986969, 95.614997
59.32735, 74.602142, 88.474792
59.527652, 74.399993, 65.114608
60.197475, 73.20047, 35.29
59.137542, 73.54309, 67.553588
59.592483, 73.18814, 80.654647
59.2891, 75.060546, 41.263332
59.586818, 75.231994, 125.62611
59.707569, 73.294982, 62.073333
59.09642, 73.482818, 109.35666
59.572116, 74.174682, 9.8883333
59.379344, 74.004516, 22.551666
59.38969, 74.267761, 16.283332
59.581699, 73.812164, 55.023334
59.570957, 73.013458, 33.382877
59.521297, 73.074798, 65.056251
59.606655, 72.289672, 31.34106
59.346794, 73.959289, 23.279848
59.631519, 73.043182, 105.04499
59.333606, 74.432312, 31.459047
59.84692, 73.646301, 141.33667
59.580223, 74.019836, 32.122379
59.053649, 74.419708, 32.857379
59.260219, 74.987304, 59.748333
59.071041, 74.41394, 189.44714
59.676929, 74.898162, 28.703332
59.290939, 73.699615, 14.706666
60.101131, 73.829498, 64.836669
59.402877, 74.520538, 114.71218
59.161853, 73.535278, 30.834999
59.422138, 73.961853, 90.22956
59.728759, 74.422485, 40.239242
58.922428, 73.082763, 52.183334
59.491794, 73.527557, 24.624393
59.19849, 72.529052, 13.571666
59.856254, 73.911407, 30.986665
59.557624, 74.57608, 22.788333
60.136699, 74.551544, 54.361667
59.60696, 73.79245, 55.328334
59.516086, 71.862213, 13.939167
59.239505, 73.474334, 38.966667
59.369319, 72.684661, 40.901668
59.642868, 75.236999, 35.325195
59.463859, 73.737701, 26.041666
59.216651, 73.979797, 134.73259
59.388488, 72.270294, 70.668335
59.073989, 74.764373, 62.278095
59.642383, 74.888275, 75.29206
60.166465, 72.893798, 33.225833
59.599609, 74.352569, 77.388809
59.468559, 75.00827, 15.182499
59.686004, 73.253845, 15.126667
59.587299, 73.01831, 57.549846
59.690506, 73.63388, 46.222877
59.584568, 75.081878, 98.468811
59.557418, 73.922576, 30.364999
59.30968, 71.472534, 61.735954
58.74337, 73.78247, 21.846666
59.610351, 74.490448, 72.43357
59.888034, 73.611969, 34.026668
58.866355, 75.113281, 21.068332
59.336536, 74.263885, 131.57666
59.282795, 73.713104, 143.17166
58.976604, 73.281738, 85.740608
59.178199, 73.831909, 175.82029
58.864589, 73.204193, 72.766906
59.786174, 73.765411, 162.56214
59.540508, 72.723419, 36.678333
59.043945, 72.737091, 12.741666
59.251468, 72.553863, 46.985702
59.3973, 74.691131, 54.653331
59.513404, 74.057159, 23.704999
59.617576, 75.478607, 24.04
59.998985, 73.048309, 72.906669
59.433799, 74.908569, 60.084999
59.296955, 74.048584, 66.998336
59.130817, 74.157409, 34.818332
59.381671, 75.455841, 53.648334
59.575706, 74.379577, 27.29
60.123157, 73.11444, 36.468727
58.808807, 72.330596, 14.633333
59.580467, 74.469726, 15.799761
59.392711, 72.480987, 36.996189
58.540058, 72.840515, 71.561668
59.315921, 72.909851, 8.4566669
59.347541, 73.771759, 119.65833
59.574588, 74.118743, 47.877983
59.488376, 72.693512, 69.28186
59.128009, 73.160736, 38.899047
60.111698, 74.486267, 31.518333
59.389209, 73.029846, 31.556667
59.619781, 73.654388, 97.885086
59.805042, 74.336608, 14.154999
59.77988, 74.012512, 80.267272
59.684005, 74.200012, 83.863594
59.942527, 73.506317, 52.358333
59.371109, 73.676086, 86.193336
59.905281, 73.759948, 91.063079
59.830669, 73.164764, 23.906665
59.201713, 74.031616, 48.928333
59.557075, 74.759643, 18.531665
59.300624, 73.448822, 41.715301
58.822853, 74.570037, 37.526668
59.287845, 75.071533, 22.805
59.489315, 73.169525, 57.729999
59.789615, 74.369171, 117.17372
59.553062, 73.936859, 23.936428
59.573017, 75.177307, 65.239997
58.930839, 73.367828, 22.139165
59.32706, 72.17453, 48.782619
59.285575, 75.287445, 26.126514
59.355739, 73.453125, 126.91166
59.421405, 73.463531, 24.071666
59.350738, 72.747406, 131.50332
59.569149, 72.281738, 61.958808
58.961719, 74.953765, 31.594999
59.874187, 74.174438, 15.703332
59.321373, 75.226684, 109.84427
59.912822, 73.406036, 58.693332
59.489582, 74.021667, 62.08921
59.12183, 73.047943, 117.1975
59.722496, 75.259246, 61.888332
59.309745, 73.894928, 53.176189
58.901142, 72.8526, 66.118331
59.090946, 73.928009, 71.26667
59.478992, 73.384918, 108.35809
59.486839, 73.049011, 32.657379
59.1916, 73.657592, 8.6816663
59.487693, 72.106506, 35.551666
59.615219, 74.431182, 126.91924
59.477405, 72.883239, 58.388332
59.123424, 73.153381, 49.192916
59.580394, 73.06665, 62.646251
59.268272, 74.267883, 34.862178
59.52182, 75.367553, 89.945755
58.812271, 73.32724, 88.021667
58.995956, 74.171844, 100.76575
58.735351, 76.03836, 50.786766
59.542659, 74.166503, 17.076665
59.105388, 73.933319, 99.998336
59.50188, 74.025543, 31.889999
59.389633, 74.918609, 46.6399
59.463695, 74.008178, 5.3283333
59.116981, 74.068481, 21.687856
59.148613, 73.998413, 90.741668
59.657188, 74.321594, 33.956665
59.790023, 73.174499, 39.898334
59.217002, 72.947876, 57.641315
58.856697, 74.093811, 66.797943
59.654338, 73.032348, 12.63
59.066944, 75.194091, 49.056251
59.916011, 74.760131, 46.918094
59.308181, 74.103546, 7.9516668
59.841026, 73.311035, 50.942916
59.163181, 74.363708, 89.479621
59.426658, 73.574218, 57.546665
59.353271, 73.828125, 137.97529
59.513862, 73.804504, 25.521667
59.700508, 83.046142, 6.0144872
59.454792, 73.669616, 8.399167
59.265605, 74.56781, 60.375
59.413463, 72.909362, 31.511667
59.80669, 74.680206, 70.356193
59.334915, 74.090026, 20.739999
59.373455, 74.386383, 39.423332
59.28302, 74.258636, 43.181427
59.377872, 73.439941, 24.623333
59.919708, 73.516754, 72.748336
59.377056, 73.80664, 48.796665
59.127498, 74.475952, 34.439998
59.241806, 74.09082, 118.56353
59.540947, 73.220184, 28.069047
59.799182, 72.687469, 58.963333
59.490974, 73.175994, 66.654998
59.837722, 73.494323, 64.709999
59.146717, 74.122161, 31.313333
59.306995, 72.659729, 48.751667
59.488002, 74.708129, 30.854999
59.096988, 73.749694, 42.526668
59.873401, 73.503204, 78.358329
59.318546, 73.569213, 36.596668
59.51342, 74.03305, 48.944999
59.352478, 73.978332, 54.253334
59.468193, 74.360473, 37.733333
58.760387, 74.422821, 35.963333
59.025257, 72.823577, 45.120384
59.81155, 74.011932, 8.1916666
59.628273, 72.469512, 56.061668
58.718372, 73.736114, 46.865001
59.531044, 72.543182, 167.8025
59.28405, 74.234466, 173.52449
59.179702, 73.55371, 17.174999
59.03281, 72.347503, 19.479761
59.701595, 73.393768, 22.213333
60.137207, 71.626159, 67.971664
58.954055, 74.064422, 61.794998
59.21199, 73.445831, 85.533943
59.456913, 74.199737, 39.121666
59.309394, 72.084381, 55.914474
59.426353, 72.762786, 40.312618
59.453594, 73.149261, 75.065002
59.42921, 74.838256, 41.288333
59.216201, 74.420166, 103.50692
59.27153, 74.536041, 88.120002
59.24134, 72.906463, 55.269584
59.581867, 73.919708, 139.9103
58.955429, 74.56784, 42.161666
59.511951, 72.153503, 49.630386
59.12865, 73.270446, 39.811191
59.272441, 74.007232, 139.64981
59.215042, 73.339325, 94.461235
59.724266, 74.029754, 16.03738
59.857963, 71.944335, 53.515758
59.472122, 71.72409, 65.050003
58.749759, 73.830841, 156.60244
59.320407, 74.523101, 60.049118
59.558063, 73.059478, 107.56333
59.288093, 73.4263, 50.343204
59.15242, 73.149536, 88.976669
59.793262, 74.061004, 93.07611
59.484642, 74.095123, 43.173332
58.902015, 72.722351, 109.18994
59.505218, 74.782836, 5.2183332
59.945407, 74.154144, 24.318332
59.393569, 73.983917, 76.680603
59.207603, 74.240387, 92.163032
58.986579, 74.203002, 89.898788
59.246746, 73.520568, 58.501667
59.845157, 74.442199, 73.413261
59.532836, 73.402313, 134.86166
59.80714, 72.836242, 16.624048
59.43288, 72.207336, 128.60841
59.318115, 72.967071, 71.699905
59.774192, 73.732788, 21.101667
59.311023, 158.05062, 5.1133332
59.255031, 75.573974, 10.261666
59.305522, 74.06314, 145.15167
59.83723, 73.67102, 124.91293
59.062145, 73.808898, 38.513462
59.992008, 71.580566, 55.449913
58.798458, 73.148345, 11.189999
58.839405, 73.819458, 9.2711906
59.341877, 73.494689, 26.52625
59.949344, 75.068054, 110.86975
59.300556, 73.503173, 118.91166
58.977378, 74.614593, 41.985
59.561103, 72.944305, 85.762779
59.136596, 73.870575, 62.967857
59.430847, 74.393035, 62.911666
58.563037, 74.570922, 107.54312
59.44009, 74.443145, 13.909999
58.982925, 74.633911, 51.275001
59.503002, 73.400756, 12.980713
59.202255, 74.282104, 147.88166
59.831592, 73.91745, 18.433332
59.120868, 74.029846, 58.011665
59.524288, 74.276733, 47.18621
59.251514, 73.622406, 52.299999
59.497352, 72.640228, 38.678333
59.389915, 73.11853, 15.429761
59.262371, 73.601135, 84.434997
59.558826, 73.603698, 47.523334
59.364181, 72.423522, 89.205001
59.566345, 73.953979, 9.3649997
59.504215, 72.757263, 51.532577
59.128696, 73.202636, 81.751373
59.12165, 73.881103, 80.414711
59.603126, 74.30368, 41.213096
59.586311, 72.509307, 59.398483
59.251972, 72.197204, 47.332859
59.158752, 73.817749, 122.01863
58.96479, 74.399902, 60.625453
59.537532, 73.204345, 45.283332
59.135917, 74.844604, 62.021862
59.229209, 74.355926, 78.910003
59.490528, 125.2839, 5.3783335
59.42432, 74.065002, 14.478333
59.443424, 73.985107, 22.816795
59.273574, 74.20816, 14.758333
58.566833, 73.544464, 44.86853
59.134021, 73.239532, 105.19999
59.499149, 75.586303, 59.25703
59.495288, 73.701171, 64.785781
59.58641, 74.528228, 53.650001
59.729957, 74.741272, 29.285833
58.973735, 73.36737, 84.572181
59.833004, 73.381378, 61.542381
59.687431, 74.665313, 57.082141
59.541194, 73.575195, 116.12661
59.363094, 73.149017, 28.372499
59.048698, 73.515136, 17.146667
59.02106, 74.467773, 87.183334
58.781692, 73.989349, 79.442718
59.41106, 73.991821, 9.4916667
59.162376, 74.591766, 125.39592
59.764434, 74.590911, 64.923332
58.854759, 75.390167, 141.2261
59.392261, 73.000488, 106.16904
58.754116, 74.344818, 40.709545
59.354053, 73.163543, 23.694047
59.010784, 73.093933, 45.392574
59.36903, 74.219757, 11.13
59.922596, 74.021667, 33.359035
59.666858, 73.490417, 16.54
59.188758, 75.229339, 11.581666
59.101341, 74.192627, 191.44999
59.822799, 74.355773, 56.716014
59.325454, 73.856201, 144.1604
59.694644, 73.048034, 92.46083
59.656581, 73.991973, 89.320236
59.261097, 73.408264, 25.295
59.588691, 73.734924, 12.201666
59.000206, 74.297668, 30.587726
59.606319, 73.42099, 58.852119
59.539081, 74.278259, 164.28979
59.853427, 72.507507, 24.106666
59.463245, 73.663635, 52.968528
59.036129, 73.175445, 16.206514
59.537563, 74.769287, 63.775001
59.234046, 75.41748, 79.093574
59.605587, 73.502258, 51.43853
59.367397, 73.562439, 72.004707
59.053371, 73.291564, 125.01214
59.605701, 73.533447, 32.465
59.673801, 73.908935, 70.706253
59.144344, 73.134399, 30.621666
59.101657, 75.211486, 45.030239
59.541358, 73.476318, 83.453331
59.552188, 73.542877, 27.383333
59.409221, 74.894958, 30.064762
59.637901, 73.990905, 14.758333
59.103595, 73.994689, 20.358333
59.497951, 75.108734, 85.517501
59.193351, 73.688934, 49.661666
58.693092, 73.843933, 49.032424
59.688648, 72.729797, 35.536666
59.556964, 72.643249, 73.140831
59.608146, 73.323638, 38.459243
59.259967, 72.017272, 13.328332
59.821464, 73.737335, 19.721666
59.798858, 74.291442, 94.467071
58.953693, 73.158081, 24.76
59.641338, 74.60498, 27.584394
59.356285, 73.528991, 27.546667
59.05891, 73.729522, 89.61
59.220378, 73.063324, 69.386283
59.670429, 74.020843, 73.056053
59.217708, 74.539672, 16.238332
59.47089, 73.241912, 12.875
59.475578, 75.506073, 36.146282
59.402065, 74.454162, 35.566665
60.21754, 74.541992, 15.098333
59.405304, 74.04367, 8.7266664
59.320983, 72.89212, 20.159999
59.276638, 73.194152, 93.320831
59.239677, 75.23233, 72.408332
59.08768, 73.697174, 113.59439
59.51958, 72.950378, 24.023462
59.240024, 73.551055, 47.386905
59.700214, 74.131897, 28.736665
59.014251, 74.428894, 83.931663
59.10963, 74.423553, 63.058136
59.578983, 74.775695, 26.173334
59.1851, 74.823059, 128.89479
58.583545, 73.408935, 34.038333
59.250999, 73.769531, 115.64499
59.321022, 74.236572, 27.002948
59.223758, 73.12033, 14.05
59.135868, 73.096344, 26.107856
58.943637, 73.85437, 20.479166
59.121021, 73.824493, 52.718093
58.994949, 73.934295, 85.374168
58.806121, 74.095367, 49.676666
59.318546, 74.270477, 107.61333
59.706012, 74.813232, 69.428726
59.869331, 73.528015, 20.434999
59.15361, 74.25769, 32.814998
59.337013, 73.022613, 36.051273
59.949867, 73.215423, 18.198333
59.178642, 73.25592, 24.84
59.383476, 73.151184, 74.866111
59.265857, 73.538177, 61.668335
59.40805, 73.973205, 67.602897
58.848476, 73.844421, 30.069166
59.302772, 74.260406, 35.003719
59.181327, 74.719787, 41.633335
59.404048, 74.789611, 47.165512
59.420566, 74.1091, 39.298332
59.483287, 73.495208, 43.879283
59.12236, 74.980896, 54.13853
59.373233, 73.723754, 122.52312
59.155803, 74.457428, 142.58772
59.563007, 73.703735, 17.85
59.063003, 74.654754, 85.167503
59.669113, 73.196106, 16.42
59.661754, 73.873382, 83.681991
59.186878, 73.504272, 61.279285
59.655063, 74.416137, 130.41667
59.772827, 72.676818, 46.151668
59.75864, 74.732482, 32.497051
59.399025, 73.751556, 55.743331
59.752666, 72.369079, 55.286052
59.527076, 74.492401, 73.345001
59.107887, 73.026763, 69.972381
59.467716, 73.3609, 38.083332
59.684925, 72.197601, 27.228332
59.271404, 74.73236, 109.535
59.020332, 72.481292, 64.140831
59.267681, 73.337585, 148.13662
59.954597, 395.75772, 5.2066664
58.887996, 73.190795, 85.931663
58.926563, 72.416412, 31.796667
59.434101, 74.673004, 49.07476
59.048366, 73.537048, 110.31176
59.324279, 74.287078, 42.794998
59.583473, 72.716552, 50.32851
59.367317, 72.30545, 64.186668
59.584129, 74.243225, 84.300766
59.697845, 74.671661, 6.7899999
58.989894, 73.170837, 51.067726
59.315399, 73.539428, 22.739242
59.40139, 73.964386, 73.679046
59.184246, 73.144653, 25.805303
59.69942, 73.848022, 142.62583
59.769218, 72.977996, 77.341026
59.274734, 73.469909, 79.403091
59.719642, 73.283783, 59.569522
59.415924, 72.243743, 13.261666
59.239158, 74.388549, 74.34333
59.487922, 74.168762, 94.218811
59.458801, 73.987274, 46.210834
59.573608, 75.04309, 43.819999
58.83229, 74.565246, 8.458333
59.176685, 74.080932, 33.279998
59.409503, 73.684539, 104.00944
59.700332, 73.785491, 168.60903
59.662548, 71.41452, 55.5
59.073791, 73.064453, 103.95758
59.110363, 74.281982, 44.350715
59.589584, 73.854858, 35.880001
59.191154, 74.931427, 43.561668
59.572055, 74.226806, 16.021667
59.974269, 73.909545, 31.285715
59.411132, 73.165374, 5.1799998
59.265701, 74.207885, 155.25999
59.732059, 73.974792, 27.264394
59.575519, 73.64505, 71.948333
59.563522, 72.154541, 37.336212
59.312709, 72.737945, 60.192947
59.241607, 72.545196, 104.40944
59.049324, 74.761505, 77.487381
58.789882, 72.820983, 106.26706
59.708457, 74.875824, 54.508846
59.390811, 74.697937, 37.216281
59.549949, 74.969879, 57.423572
59.464107, 74.409606, 65.021667
59.544799, 73.683136, 75.488334
59.665767, 74.99707, 50.598331
59.813888, 73.036773, 20.706666
60.076225, 73.127868, 19.843334
59.537464, 73.92868, 23.639761
59.164039, 73.903686, 159.24983
59.273586, 73.906066, 48.884998
59.335807, 73.795105, 69.205955
59.307636, 73.261871, 87.116668
59.112957, 72.97055, 70.283233
59.750732, 72.828033, 22.215
59.139556, 73.345397, 37.901428
59.852684, 73.87326, 14.261666
58.877815, 74.029174, 79.601524
59.001117, 75.021637, 77.916366
58.748348, 73.941131, 47.622947
59.259307, 73.438232, 68.084762
59.368507, 74.27597, 128.76762
59.534275, 72.916137, 7.7716665
59.763145, 76.055236, 10.223333
59.588428, 73.938842, 33.435001
59.803112, 75.137268, 67.475906
59.244369, 74.226776, 37.889999
59.824043, 74.940612, 20.488332
59.80656, 73.947387, 23.937727
59.080921, 73.924194, 67.032058
58.877971, 73.770965, 32.766666
59.065902, 72.86914, 31.526666
59.18885, 73.203002, 13.429871
59.238563, 75.486358, 46.384998
59.261589, 72.967834, 166.83805
59.718383, 72.968627, 20.756666
59.137901, 73.455017, 52.02705
59.04858, 75.401336, 53.393333
59.466655, 74.445312, 23.054523
59.452262, 75.060546, 120.55333
59.654739, 72.676666, 40.734802
59.369133, 75.522003, 23.45
59.547138, 73.50772, 26.568332
59.632785, 73.428741, 18.073333
59.412754, 75.741333, 48.470237
59.955219, 74.494262, 59.044998
59.521198, 74.183929, 60.518333
59.693515, 73.971679, 154.96618
59.348278, 73.759918, 29.706666
59.233764, 74.478637, 36.966667
59.413669, 74.405304, 24.107727
59.918155, 73.595214, 28.86
59.626621, 59.591125, 11.885
59.45132, 74.436035, 23.113332
58.967598, 74.095794, 59.688137
59.342746, 74.615417, 38.184047
58.788555, 73.382995, 25.633718
59.381469, 74.256134, 24.09
59.37067, 72.450988, 16.461666
59.367965, 74.182006, 99.053337
59.054988, 73.984588, 74.551315
59.583553, 74.501709, 133.65353
59.429054, 74.327179, 29.629615
59.581302, 74.398681, 31.518333
59.620685, 75.174194, 102.17823
59.406551, 74.31961, 84.157859
59.616291, 73.879852, 50.819999
59.5806, 72.875488, 18.035833
59.637168, 73.97232, 35.28738
58.891914, 72.942627, 11.483333
59.453636, 73.404602, 50.128044
59.64487, 74.226593, 27.917856
59.357101, 74.356018, 23.118333
59.727973, 72.67694, 28.334762
59.08147, 73.08728, 28.211666
59.98085, 72.792114, 57.158096
59.070484, 72.586883, 45.793247
59.342098, 72.289062, 8.6033334
60.087291, 72.865539, 28.004999
59.373615, 73.93341, 46.084999
59.198177, 72.407562, 47.826667
59.468547, 74.247161, 50.86
59.533481, 73.81604, 57.666667
59.360435, 72.564819, 29.114522
59.60754, 72.798614, 51.143203
58.939704, 73.414154, 55.923332
59.944416, 73.986999, 62.768333
59.63261, 72.88211, 69.075454
59.29153, 73.842651, 33.009998
59.293327, 72.045043, 70.336227
59.44918, 75.115234, 24.356666
59.724559, 73.761413, 47.161666
59.625911, 74.41159, 182.8655
59.314228, 74.177002, 19.069166
59.930648, 72.647827, 27.293333
59.216484, 73.886505, 16.081666
59.623558, 73.516998, 80.959564
59.438625, 73.170501, 39.775001
59.333004, 73.522827, 20.639999
59.130229, 73.444122, 56.726665
58.926956, 74.016571, 79.313331
59.842628, 74.783477, 60.490001
59.50711, 73.542846, 53.366664
59.561096, 73.651763, 53.091861
59.019928, 73.942108, 8.3383331
59.707874, 73.732757, 96.621666
59.174049, 73.186126, 33.736667
59.608234, 75.875701, 14.43738
59.544223, 72.813018, 85.073333
59.089344, 74.79309, 31.789762
59.332012, 74.408081, 55.60625
59.747287, 72.513092, 34.463333
59.757705, 73.461059, 43.775001
59.585392, 73.814056, 35.871666
58.966709, 72.227172, 94.035003
59.224582, 74.801269, 41.646667
59.167312, 73.899871, 36.561668
59.709552, 58.462524, 28.896667
59.581508, 74.249267, 87.101669
59.330665, 73.786682, 92.497497
59.471553, 75.303527, 69.157547
59.565677, 75.851928, 25.147857
59.222206, 72.855987, 50.29705
58.791816, 72.65448, 54.891231
59.748291, 73.249633, 57.833332
59.250816, 72.786407, 47.648334
59.308486, 73.474609, 8.4916667
59.508338, 71.722595, 18.583334
59.504123, 72.994476, 50.108333
59.567897, 73.475097, 45.178333
59.3474, 73.369354, 27.099166
59.558841, 71.809661, 18.893333
59.423576, 74.059356, 73.75
59.459896, 74.063598, 70.139389
59.52771, 74.895629, 39.068332
59.065853, 74.575653, 62.998333
59.584087, 74.233764, 112.67112
59.843105, 74.810211, 101.51083
59.553867, 74.791351, 115.85594
59.95969, 74.950561, 41.581665
59.731781, 73.005157, 26.905
59.867164, 74.052032, 39.531665
59.828502, 74.54721, 13.521666
59.801796, 74.738189, 102.93611
59.385673, 73.785675, 244.71333
59.442131, 72.788604, 146.44361
59.492111, 74.906555, 28.628334
59.412399, 74.459259, 84.925003
59.216995, 73.449585, 30.809999
59.235992, 73.444213, 68.366432
59.823986, 74.098388, 122.60646
59.857338, 72.730194, 25.258333
59.486888, 72.739929, 19.793333
59.271076, 73.803955, 108.67637
59.290348, 73.645233, 8.6166667
59.222595, 72.868927, 25.416429
59.29467, 73.764709, 39.729999
59.256565, 74.315368, 84.053573
59.767105, 75.620147, 77.172897
59.432918, 73.18222, 11.213333
59.428115, 74.854034, 41.474525
59.237751, 73.701995, 90.078659
59.813541, 71.764648, 29.203332
59.344947, 73.322021, 101.20166
59.445838, 72.638458, 72.469741
59.665317, 74.781189, 78.312141
59.022224, 72.884613, 147.32452
59.255168, 73.962829, 90.084098
59.100162, 73.674957, 80.812423
60.104915, 72.275543, 24.318332
59.543735, 72.135528, 23.058332
59.446132, 74.90628, 69.102378
59.499984, 75.474029, 50.653331
59.279232, 73.310577, 107.67333
59.424778, 74.627807, 180.57167
59.43016, 74.750732, 81.571319
59.651386, 72.823944, 130.22032
60.057201, 74.374542, 62.205303
59.457351, 72.651397, 30.471666
59.222244, 73.544769, 23.186428
59.266933, 73.684021, 40.756427
58.950317, 73.453613, 82.752304
59.129085, 73.242431, 13.579999
59.229938, 74.257141, 52.980606
59.35194, 75.016815, 29.872499
59.879901, 72.854614, 52.534648
59.235363, 73.993072, 50.661666
59.399425, 74.373901, 35.196212
59.576751, 61.293335, 5.46
59.989528, 74.222991, 37.466667
59.640174, 74.304779, 50.486537
59.212017, 73.493133, 81.383842
60.066215, 73.003784, 113.19999
59.479263, 62.175201, 7.0133333
59.579441, 74.185333, 102.27333
59.843452, 72.964691, 21.206666
59.961414, 66.902648, 17.794523
59.517574, 74.496124, 27.901666
59.61058, 73.126129, 30.569522
59.475833, 73.226287, 45.584762
59.419178, 78.301361, 6.5766668
59.375087, 74.13565, 32.848331
59.056121, 73.264434, 13.738333
59.137668, 71.103179, 31.055
59.457538, 73.252929, 5.6399998
59.660942, 73.854675, 28.658094
59.404937, 72.887634, 32.95
59.350364, 74.174682, 46.325
60.054573, 74.18518, 34.569999
59.429111, 72.207428, 27.363094
58.747062, 75.152069, 61.830883
59.499797, 75.370361, 12.978333
59.875892, 73.502014, 109.29611
59.372531, 73.680633, 81.541862
59.189861, 72.839782, 127.51833
59.353492, 73.578186, 72.168487
59.433624, 74.913513, 12.866428
59.577236, 74.543853, 77.938484
60.081264, 73.385376, 62.499523
59.067382, 74.25003, 97.375
59.446514, 75.221649, 26.276666
58.875446, 71.686309, 36.74197
59.441066, 72.123992, 25.956666
59.214378, 73.186126, 113.98666
59.389743, 74.992462, 36.572498
59.504325, 73.276367, 105.8925
59.524295, 74.055053, 92.949996
59.666767, 74.097168, 31.659999
59.299766, 73.438964, 131.92848
59.38063, 73.770507, 74.071662
59.451839, 75.609222, 45.95
59.647716, 72.538574, 25.075714
59.875492, 74.483581, 59.709999
59.964496, 74.12918, 19.414047
59.341461, 75.811554, 17.163333
59.566684, 72.260101, 100.48999
59.53627, 74.170929, 27.554761
59.309928, 73.56546, 79.31636
59.627697, 72.767608, 56.653331
59.827091, 73.468902, 5.4633331
59.327953, 74.617889, 20.259847
58.888668, 74.777893, 130.75651
59.719661, 74.752746, 98.423332
59.18843, 72.002044, 23.216667
59.686622, 74.131988, 37.514606
59.14532, 72.627502, 27.279615
59.388168, 73.612396, 42.051666
59.331337, 72.118133, 81.031669
59.436283, 73.588989, 18.857381
59.11288, 74.764892, 68.850883
59.735221, 75.769043, 38.148334
59.128372, 74.009674, 84.372779
59.119052, 74.274597, 73.400878
59.340812, 72.665985, 105.93499
59.743595, 73.571258, 6.4816665
59.479213, 74.620636, 104.11
59.590789, 73.647338, 47.772575
59.322158, 74.296722, 19.79
59.509758, 74.156219, 35.552181
59.705715, 73.338531, 106.10514
59.44778, 73.810211, 65.886253
59.291389, 73.670776, 158.42666
58.741413, 74.218322, 101.43499
59.848865, 74.606414, 5.5483331
59.664466, 73.935241, 37.775001
59.623374, 74.452575, 24.156665
59.908977, 74.201538, 62.094856
59.385963, 73.415222, 6.1599998
59.532241, 73.438873, 38.073333
59.530357, 73.773132, 27.405834
59.274204, 73.855011, 73.496666
59.281234, 72.799652, 57.755455
59.118713, 73.472717, 37.091667
59.698337, 73.636474, 54.732879
59.510448, 74.141021, 94.782775
59.034183, 72.842987, 57.259998
59.803848, 73.244384, 90.521186
59.535285, 75.055908, 61.583332
59.092437, 73.398315, 106.06277
59.59769, 74.654235, 46.458332
59.933071, 74.698455, 70.566665
59.152126, 73.35968, 22.703332
59.672054, 74.514556, 39.446666
59.932045, 72.743713, 16.689243
59.4435, 75.132385, 66.153434
58.953899, 73.088623, 16.74197
59.277168, 72.891754, 94.732421
59.878414, 74.089782, 27.139999
59.56533, 73.597869, 90.989166
59.63058, 75.532379, 44.639999
59.241191, 72.31726, 72.75
59.13565, 73.667877, 45.134761
58.988071, 76.119506, 125.3069
59.859336, 72.949646, 42.884998
58.929294, 72.967987, 90.269928
59.421691, 72.639556, 139.38
59.049873, 74.390594, 148.86105
59.323009, 72.667388, 91.800003
58.781372, 74.695282, 65.366249
59.474887, 72.722656, 9.7766666
59.635444, 75.088348, 37.180099
58.725219, 73.70227, 56.313331
59.24506, 73.18576, 72.493942
59.42926, 73.250671, 21.511667
58.528457, 74.223541, 6.2150001
58.982883, 74.197876, 100.40667
58.871009, 74.046112, 25.268333
59.286739, 72.056457, 9.4399995
59.02248, 75.495605, 121.29174
59.776542, 74.319946, 39.674999
59.464893, 72.361602, 10.001667
59.558647, 73.706054, 26.85987
58.766445, 74.481536, 76.700386
59.209301, 73.240631, 9.3533334
58.944881, 73.935668, 18.388334
59.846519, 73.865234, 15.659999
59.217926, 73.552581, 23.512575
59.479564, 74.015136, 23.555
59.975498, 73.570678, 59.928333
59.16397, 74.582428, 35.128334
59.451808, 73.156738, 10.129761
59.796592, 74.385894, 41.9025
59.772453, 76.269439, 52.269386
59.564045, 73.539611, 62.839584
59.314319, 74.282257, 37.418335
58.968185, 73.741272, 69.118812
58.96532, 73.03125, 115.96479
59.032039, 74.532135, 16.683095
58.722457, 72.565307, 85.366668
59.45961, 72.868927, 103.54785
59.50328, 74.354339, 61.415302
59.108684, 74.0755, 52.86
59.761764, 73.179046, 24.305
59.819515, 73.81073, 82.684997
59.244575, 74.845275, 148.69332
59.231403, 74.16452, 32.501968
58.86964, 73.180633, 90.600235
59.518905, 73.047485, 51.776054
59.213005, 72.687835, 12.829999
58.911315, 73.718139, 35.25
59.365535, 73.703613, 11.748333
59.216133, 74.929168, 56.722778
59.273952, 73.783752, 32.27
59.933929, 74.018737, 79.87564
59.485118, 73.489929, 63.694393
59.429019, 74.451538, 10.816666
59.561939, 72.502075, 45.983333
59.326271, 74.21698, 55.276905
59.095344, 74.691864, 62.123333
59.326461, 72.169952, 6.4516668
58.962448, 74.579895, 69.85746
59.262119, 73.34671, 49.902858
59.367248, 73.862884, 85.285896
59.124282, 74.790008, 12.748333
59.874698, 72.986999, 64.946662
59.56628, 74.517791, 27.853204
59.716995, 74.591918, 80.534805
59.228881, 75.076171, 83.772918
59.690208, 72.421905, 5.9216666
59.572845, 75.069549, 154.41352
59.761978, 75.128967, 18.971666
59.343334, 73.751312, 66.175003
58.688755, 74.815704, 93.595001
59.332008, 73.24121, 9.335
59.998466, 73.937439, 53.231315
59.554191, 74.782012, 25.043333
59.056583, 73.641754, 125.90333
60.109439, 73.831237, 73.955177
59.519184, 73.104644, 43.874763
59.54248, 74.068817, 124.15686
59.129959, 73.424041, 34.253334
59.737667, 73.76947, 55.535476
59.014507, 72.909332, 109.41645
59.608696, 74.988586, 38.056667
58.885063, 74.050994, 67.139999
59.360408, 74.261749, 7.2383332
59.04845, 74.041992, 9.2733335
59.378509, 72.385772, 112.07257
59.368263, 73.761383, 82.844566
59.680221, 73.570312, 132.23857
59.372665, 73.865631, 13.683333
59.46978, 73.017089, 88.257461
59.324699, 73.709594, 10.734999
59.3848, 74.158386, 93.251663
59.510265, 75.361908, 89.36
59.771339, 72.660675, 104.67833
59.715911, 74.784668, 34.286666
59.144336, 72.877594, 6.4933333
59.3031, 73.377349, 48.058334
59.346347, 73.674987, 84.445472
59.501754, 73.981933, 22.616666
59.919364, 73.292999, 37.062381
59.833244, 74.904052, 23.607856
59.552211, 73.509552, 88.965171
59.774574, 73.716613, 38.685001
59.102512, 74.405242, 32.532856
59.455204, 75.016723, 21.979999
59.04105, 73.450958, 10.814999
59.532569, 73.771423, 37.976665
59.984657, 74.83966, 11.481666
59.696567, 74.088897, 105.58667
59.490291, 74.131256, 39.336666
59.832923, 73.521362, 39.936668
59.030891, 73.760498, 55.306667
60.020397, 75.352325, 62.534999
59.112251, 73.94345, 36.060001
59.692638, 72.730285, 85.358329
59.581653, 74.183532, 28.846666
59.38713, 75.748016, 107.70156
59.284271, 73.595397, 8.6733331
59.217586, 74.032074, 38.288333
59.39421, 74.08255, 12.893333
59.146225, 73.914825, 55.410385
59.120739, 74.596313, 61.433181
59.280918, 74.459411, 60.702381
59.423309, 73.974121, 51.758808
59.683712, 74.990875, 84.139442
58.890289, 74.239379, 88.464996
59.446147, 73.82257, 75.673332
59.708717, 74.55307, 102.70146
59.4435, 73.581878, 11.378333
58.730972, 72.83554, 37.990383
59.682659, 75.806457, 11.228333
59.504222, 73.426391, 27.741666
59.626983, 74.039703, 16.616666
59.685329, 74.483154, 111.92954
58.847957, 73.272399, 8.5583334
59.23574, 72.82547, 10.168333
59.51839, 73.055419, 60.045723
59.312652, 74.120819, 26.966667
59.821758, 74.204254, 39.901275
59.413364, 74.200927, 79.581665
59.259574, 73.160553, 13.4525
58.768772, 74.612762, 56.749046
59.088386, 72.689209, 76.261665
58.923416, 74.893035, 28.883333
59.274028, 72.801727, 12.698333
59.333393, 73.142669, 58.011428
59.450954, 73.675659, 33.411861
59.090805, 73.117309, 61.311317
59.063339, 73.321289, 55.458332
59.847702, 74.527618, 84.564048
59.379528, 73.575897, 61.938331
59.208118, 74.239654, 56.750831
59.475204, 74.566101, 38.778331
58.839481, 73.600585, 51.512947
59.683128, 73.49472, 11.886666
59.324924, 73.906036, 87.031814
59.131031, 72.54364, 86.026763
59.247825, 73.133667, 36.238334
59.179073, 73.309448, 44.923717
58.940284, 73.429565, 63.284606
59.612892, 74.945007, 27.589166
59.364704, 74.791137, 50.199615
59.938789, 75.013183, 7.5399999
59.666564, 74.646179, 21.443096
58.933933, 72.683654, 51.82476
59.205352, 74.072296, 16.709762
59.161098, 73.692962, 52.127941
58.885429, 75.46582, 101.59551
59.602638, 73.856445, 30.584999
58.807842, 73.831756, 42.169872
59.932258, 73.434936, 104.24324
59.852535, 74.022125, 47.756668
59.220771, 73.576751, 38.364395
59.563232, 73.639038, 7.8316664
59.273323, 75.444671, 67.037498
59.123558, 73.685241, 43.224609
59.239994, 73.957946, 18.818332
59.24654, 72.995666, 54.689582
59.309967, 71.923217, 33.936248
59.337245, 74.425201, 36.498333
59.827091, 72.881805, 6.9033331
59.032264, 73.946014, 23.767381
58.979038, 73.375213, 83.96833
58.878135, 74.872222, 37.444999
59.324871, 74.087158, 42.961666
59.344463, 73.889679, 57.548332
59.358005, 74.153533, 67.457496
59.496601, 73.248046, 74.237808
58.715148, 73.188293, 134.42999
59.437351, 73.615814, 6.7816667
59.761066, 73.348297, 175.66412
59.494972, 73.844757, 113.47695
59.396034, 73.84494, 19.415
59.789474, 73.202667, 13.908333
59.173717, 74.258026, 75.107902
59.459953, 73.357727, 40.711666
59.624042, 75.986511, 153.93824
60.074371, 73.747436, 31.317857
58.522483, 74.833862, 74.605949
59.749958, 74.336547, 18.870882
59.040935, 74.938598, 86.48703
59.605575, 72.992736, 35.57143
59.34106, 73.671722, 125.71277
59.542083, 74.431549, 130.24093
59.411087, 73.596893, 16.913333
59.08564, 73.503967, 43.085834
60.054363, 75.146331, 20.791061
59.422233, 72.486877, 37.625
59.391685, 74.708465, 22.659849
59.477188, 75.159545, 69.762855
59.772972, 73.686218, 40.191665
59.321563, 73.196746, 42.054393
59.516796, 75.183471, 81.629997
59.500938, 73.337707, 32.209522
59.486766, 73.029022, 60.356666
59.725353, 72.757049, 20.43
60.056224, 72.828277, 44.878093
59.30545, 74.938201, 102.83628
59.106456, 76.106292, 149.33332
59.150207, 74.138366, 65.585952
59.345436, 74.108154, 15.899999
59.299789, 72.787872, 13.381667
59.734451, 72.745361, 7.4178571
59.64228, 73.292602, 27.078636
59.649524, 74.057067, 49.307727
59.477592, 75.478881, 47.374103
59.304672, 74.548522, 7.6983332
58.843517, 73.561615, 63.538528
59.78152, 74.463165, 72.486663
59.614116, 74.348144, 39.736667
59.615757, 73.546112, 11.788332
59.395404, 72.151763, 64.546669
59.558033, 72.455963, 41.528331
59.367019, 73.88388, 36.408096
59.417968, 72.076324, 29.369241
58.604412, 73.932769, 87.651435
59.30529, 75.248992, 91.332428
59.242977, 73.693145, 102.93359
59.692211, 76.391662, 33.112876
59.478042, 72.961151, 103.86145
58.783618, 75.422821, 60.186668
60.062748, 71.943054, 12.373333
59.556839, 72.496551, 39.224762
59.687805, 73.020965, 39.539115
59.081417, 74.847412, 153.08364
58.784069, 75.911834, 34.301971
58.822681, 72.305969, 66.886253
59.149738, 74.989807, 77.691139
59.20203, 74.250732, 30.715833
59.488716, 74.424743, 9.0683336
59.403232, 73.602691, 38.778331
59.494049, 74.702575, 129.92747
59.177761, 74.133819, 52.798332
59.1725, 73.825042, 7.8583331
59.760055, 73.628356, 48.900001
59.353508, 74.122894, 45.625
59.030937, 72.608795, 22.142879
59.315403, 73.1828, 21.253334
59.759807, 73.869262, 13.856666
59.374141, 74.191192, 68.851272
59.400611, 74.596283, 47.706665
59.637344, 74.540802, 31.329999
59.845893, 74.062255, 11.095
59.773105, 72.268798, 42.439872
59.232299, 74.335571, 60.979385
58.909881, 74.467132, 110.35362
59.154953, 74.13034, 22.185833
59.594432, 73.25473, 70.406669
59.211906, 73.774993, 82.032142
58.684024, 73.082153, 23.376667
59.482776, 73.700927, 73.84333
59.816478, 74.745666, 62.424999
59.239002, 73.261261, 18.148096
59.659565, 73.57547, 158.90492
59.457984, 73.35205, 102.86
59.419048, 74.004974, 31.13619
59.086975, 75.581939, 47.485
59.851463, 74.529357, 7.8733334
59.372467, 73.973022, 34.809047
59.005397, 73.739074, 90.96833
59.157066, 74.611175, 15.425
58.848335, 74.732605, 70.868331
59.06361, 74.179687, 36.476665
58.896972, 74.288299, 88.931556
59.359783, 74.747436, 76.557273
59.439106, 73.953094, 41.935001
59.568157, 75.917511, 22.235
59.23302, 73.377655, 21.878334
59.172744, 73.262725, 28.918333
59.428421, 74.627716, 23.404047
59.443271, 73.310852, 59.941665
58.515766, 74.39743, 15.313333
60.033264, 73.611358, 107.94611
59.573116, 73.561859, 142.78826
59.268619, 73.319641, 42.391666
59.389843, 72.467041, 170.09072
58.825531, 73.258758, 91.375
59.537761, 74.261749, 19.386667
58.890277, 74.318725, 80.888336
59.186317, 74.313324, 102.44333
59.074363, 73.498718, 41.791667
59.137222, 74.52771, 24.605833
59.689201, 73.919433, 92.760002
59.456474, 73.479339, 37.301864
59.74081, 73.614257, 163.04197
59.206825, 73.774353, 64.226669
59.362693, 72.211059, 15.323333
59.707153, 74.271423, 31.062576
59.793689, 74.951019, 52.755714
58.874389, 75.304016, 72.456665
59.552352, 73.541595, 150.67428
59.50941, 73.119751, 21.792499
59.262344, 74.445556, 28.359762
59.689579, 73.495544, 34.235
59.674087, 74.402008, 40.991428
59.295616, 73.720703, 5.1533331
59.08982, 74.147369, 60.771667
59.158554, 74.249603, 85.071662
58.920707, 74.769653, 97.76741
58.848957, 74.093017, 39.142917
59.614444, 73.100433, 17.29
58.975688, 73.817627, 49.323333
59.531791, 75.068481, 88.7275
59.59275, 74.190521, 18.286666
59.884769, 73.240875, 63.058788
59.789741, 73.926696, 143.11689
60.086051, 74.289581, 79.339996
59.484306, 73.724029, 81.570236
59.648128, 74.675964, 114.19166
59.508163, 73.228241, 44.346538
59.62994, 73.019805, 38.915454
59.689697, 72.928497, 97.643493
59.656982, 73.541046, 63.39645
59.700393, 73.984985, 94.006668
59.673549, 74.272613, 14.85
59.118877, 72.806366, 6.7600002
59.542079, 73.894165, 77.043335
59.060379, 73.860809, 75.020835
59.581825, 73.884613, 8.1750001
59.325885, 73.090637, 18.329761
59.573066, 72.906036, 70.648811
59.428913, 73.747345, 35.253334
59.87778, 73.930603, 34.296665
59.440612, 72.848236, 16.825
59.12323, 72.232971, 54.744998
59.349639, 74.188385, 45.339523
59.652675, 72.929779, 5.7583332
58.963169, 74.511657, 61.826667
59.270759, 73.850799, 62.951843
59.4589, 73.532592, 49.136249
58.871105, 73.67221, 34.669849
59.393394, 73.251739, 86.879997
59.909507, 73.249267, 15.691666
59.525394, 73.732574, 6.1149997
59.336952, 74.414276, 14.255
59.48463, 74.532043, 51.721317
59.379966, 72.849273, 11.949999
59.372959, 73.010101, 43.859046
59.367168, 74.276031, 29.704999
59.339935, 74.633911, 17.007856
59.623039, 73.937957, 29.719848
58.817222, 72.781036, 24.386667
59.161861, 73.601806, 34.046192
59.301281, 73.039367, 87.226226
59.360752, 72.486358, 16.075
59.788372, 74.912719, 24.329999
59.37355, 73.716308, 33.889999
59.00605, 73.019989, 11.921667
59.89653, 72.797485, 33.768333
59.402343, 73.789001, 23.633333
59.346057, 73.578521, 98.863029
59.137405, 74.560577, 59.983333
59.176891, 74.047637, 35.328334
59.111858, 73.188079, 37.75
59.662147, 74.717071, 8.4683332
59.579536, 72.812439, 113.12005
59.546096, 73.055755, 32.993331
60.023757, 73.663452, 76.470001
60.225753, 75.173706, 98.60707
59.09272, 74.673339, 65.042717
59.251625, 73.166351, 198.89369
59.226776, 75.595977, 23.571428
59.112785, 74.688446, 36.07238
59.769516, 74.396057, 73.039741
59.748283, 73.528076, 68.498336
59.173011, 71.981262, 35.806667
59.686245, 74.908172, 53.746013
59.359996, 74.195312, 62.326904
59.726329, 74.264526, 37.191665
59.852726, 73.269653, 119.74047
59.657188, 73.940612, 61.09476
59.107406, 73.364563, 60.986579
59.567478, 72.597198, 24.848333
58.995906, 74.595611, 141.69368
59.22665, 72.891265, 102.34456
59.571651, 73.54425, 81.977691
58.822124, 72.054962, 74.808334
59.708225, 72.086486, 18.069999
59.564941, 74.078002, 78.643333
59.749599, 72.68283, 33.014999
59.194953, 74.433563, 44.959049
59.658653, 73.925659, 58.818332
59.449264, 73.205505, 55.337051
59.476936, 73.603149, 222.78201
59.592269, 73.193328, 37.561668
59.127113, 74.402587, 77.851142
59.786502, 73.6333, 7.0416665
59.513607, 74.423004, 50.084999
59.371383, 74.250061, 41.991817
59.366046, 73.725372, 36.381668
58.964351, 74.883544, 187.73288
59.880546, 74.944519, 32.316665
59.465313, 74.544677, 10.187856
59.369854, 72.808166, 34.072177
59.77433, 74.093689, 15.636666
59.12799, 73.642089, 56.909999
59.457363, 73.478546, 127.32917
59.505096, 74.734344, 47.786052
58.849426, 73.297729, 73.571235
59.392047, 74.192169, 35.996666
59.69384, 73.525512, 34.401668
59.273822, 73.949676, 52.219348
59.641372, 73.33081, 60.959117
59.718631, 74.166687, 20.836666
59.284042, 75.378967, 63.921665
59.02959, 72.194213, 30.659902
59.203693, 74.551513, 19.786428
59.242736, 73.478149, 24.256666
59.123428, 73.597351, 34.795715
59.288726, 73.594574, 68.786666
59.668689, 74.335937, 16.34
59.383747, 73.540741, 83.014999
59.571178, 74.181854, 11.453332
59.587566, 73.653564, 45.683334
59.335586, 74.603912, 83.282913
59.362911, 73.157562, 66.474998
59.470577, 72.983734, 18.1525
59.036666, 74.991058, 14.04
59.209041, 74.691101, 60.474998
60.177898, 73.308105, 18.391666
58.98875, 72.219238, 17.504999
59.667633, 72.888824, 24.85
59.781688, 74.078033, 77.054168
60.069294, 72.748291, 12.26
59.552902, 74.313812, 51.737548
59.360256, 73.058502, 62.740001
59.175624, 73.965545, 45.362449
58.865932, 74.175323, 56.005176
58.643817, 75.771881, 67.430831
59.597034, 73.908996, 34.301666
60.056068, 74.154418, 31.668333
60.06911, 73.39505, 98.315452
59.799411, 74.342041, 17.193332
59.286563, 73.726104, 33.946666
59.25914, 72.967224, 74.425758
59.24002, 73.829071, 17.658332
59.40184, 73.797027, 9.3191671
59.820846, 74.435852, 8.295
59.796814, 74.452758, 39.439998
59.812866, 73.740783, 55.286922
59.606552, 73.178253, 40.060001
59.783813, 74.634216, 39.07088
59.743084, 73.723938, 51.05318
58.890472, 73.889312, 44.576667
58.656997, 72.311309, 19.216667
58.853233, 74.776672, 32.856666
59.33768, 73.683929, 22.449762
59.495868, 74.08789, 8.0466671
59.322403, 74.476135, 79.042503
59.506877, 71.744873, 44.193332
59.182846, 471.49255, 5.25
59.322094, 74.743072, 58.008335
59.382358, 74.329711, 35.869522
59.428699, 75.240295, 23.013334
59.211868, 74.192291, 126.76649
59.344924, 73.623077, 34.401668
59.276561, 74.724517, 7.9766664
59.57859, 72.234069, 25.102575
59.344245, 74.70288, 19.728332
58.999137, 73.286285, 19.37
59.337081, 73.680267, 48.681667
59.440113, 73.637054, 9.3833332
58.945335, 75.960113, 82.824996
59.526954, 73.287658, 68.206054
59.434047, 73.998077, 100.36611
59.27668, 74.150421, 81.103332
59.646617, 96.191803, 5.3580951
59.661697, 73.203247, 20.521667
59.00502, 74.890075, 67.029045
59.097873, 73.725677, 62.208332
59.574436, 72.762786, 47.763332
59.902698, 73.77362, 34.103206
59.471187, 73.416168, 35.711666
59.231617, 72.464599, 48.383335
59.066856, 74.108398, 69.084999
59.198402, 73.322998, 67.143333
59.453918, 74.714935, 14.104999
59.39413, 73.386108, 116.43013
59.229251, 73.706085, 93.277496
59.328632, 75.380218, 87.108329
59.651733, 73.342102, 116.46499
58.794738, 73.945282, 25.066667
59.096263, 73.951843, 163.29762
59.57648, 73.134399, 73.383331
59.33501, 73.907043, 59.886249
59.210506, 74.185424, 70.738334
59.314064, 74.285736, 31.825
59.309173, 74.821563, 8.6333332
59.080291, 73.605377, 49.284999
59.658817, 72.931274, 44.836666
59.312103, 73.567291, 11.295
59.416946, 74.544799, 13.831666
59.270828, 73.957733, 141.50833
59.711666, 71.955627, 24.473333
59.764015, 73.586456, 53.86985
59.445118, 75.055877, 44.01625
59.078105, 74.072357, 127.95999
59.535469, 73.976684, 20.076665
59.629055, 72.239837, 89.848419
59.569438, 73.114349, 12.983333
59.455165, 73.67926, 40.942916
59.852134, 73.433288, 52.944999
59.326015, 73.95166, 12.796667
59.64225, 73.318725, 8.2200002
59.844768, 75.207183, 51.556667
59.746055, 73.309295, 31.698333
59.124603, 73.050506, 39.198333
60.077781, 73.855712, 50.189872
59.455497, 72.943328, 66.565155
59.259258, 74.378387, 44.305
59.521846, 73.279357, 100.15142
59.831214, 75.835968, 5.94
59.484142, 73.411377, 83.964996
59.307731, 73.845489, 53.24628
59.520957, 75.084777, 84.920257
59.305622, 74.143432, 68.361663
59.415706, 74.141571, 39.354999
59.500522, 73.401214, 28.361154
59.783882, 72.359954, 50.644485
59.446411, 73.387542, 30.872917
59.143428, 73.974182, 106.96078
59.800418, 72.76715, 144.675
59.644283, 73.81073, 50.224647
59.557472, 74.436828, 71.096664
59.812103, 73.920562, 67.683715
59.081184, 75.813568, 73.756668
59.600132, 74.115448, 33.003334
59.523101, 72.841156, 42.845909
59.45523, 74.296142, 13.323333
59.597824, 72.824676, 42.853332
59.590705, 73.2901, 34.979522
59.203384, 73.293487, 125.83761
58.590324, 73.830291, 58.805301
59.196495, 74.075775, 69.647438
59.074356, 74.302246, 73.846908
59.164768, 73.207489, 86.911666
59.916816, 72.415008, 18.905
59.5256, 74.442901, 49.746666
59.890949, 75.220214, 17.026428
59.573902, 72.36444, 32.038333
58.777465, 73.571167, 21.608333
59.319892, 72.888092, 73.519996
59.505218, 73.230346, 58.034999
59.747924, 75.584503, 58.578846
59.199092, 73.177429, 72.352546
59.007316, 74.542419, 86.066253
59.299079, 74.880493, 133.94339
59.547695, 73.959198, 45.62218
59.359817, 74.421417, 27.907728
59.117954, 75.510314, 29.916666
59.50114, 74.274383, 26.815
59.373073, 73.918823, 31.457857
59.359485, 73.797943, 78.656669
59.562068, 74.770904, 120.95701
59.327808, 73.899658, 19.368333
59.448932, 73.998535, 30.653333
59.739677, 73.986114, 83.662918
59.303474, 73.915954, 59.321666
59.323909, 75.670929, 70.834999
59.706531, 73.526794, 96.495437
59.80286, 73.020416, 116.66857
59.862945, 72.991485, 62.089035
59.617183, 75.377502, 28.956666
59.239059, 74.338592, 23.941667
59.290771, 74.799163, 28.993333
59.172649, 75.175079, 61.2
59.546653, 74.414245, 37.490001
59.472061, 72.72116, 113.065
59.401565, 73.173492, 32.271667
59.193065, 74.190887, 119.37925
59.388408, 74.212951, 70.194801
59.428207, 73.070129, 37.806667
59.196106, 73.558563, 93.166366
59.261833, 72.71054, 42.173183
59.772422, 73.474609, 71.920829
59.572826, 72.821044, 7.7066664
59.977523, 73.89151, 17.063333
59.195854, 71.802612, 64.761467
59.465957, 72.302154, 28.354999
59.094738, 74.907226, 15.306666
59.372737, 74.009674, 5.2899999
58.903297, 73.851226, 109.08166
59.079273, 74.099609, 36.1025
58.989662, 73.639526, 31.625
59.199142, 74.125183, 39.744998
59.51192, 73.280487, 63.363334
59.237159, 73.618896, 55.23476
59.418392, 74.446655, 65.918335
59.424511, 72.32843, 54.150001
58.808448, 74.047027, 19.51119
59.395099, 74.6427, 46.639999
59.437187, 73.00122, 96.55278
59.739868, 72.223388, 34.821666
59.543968, 72.715728, 77.919784
59.394592, 74.438201, 16.04
59.287044, 72.896392, 46.533332
59.218952, 72.449768, 14.271666
59.434326, 74.020935, 50.799999
58.81538, 74.5065, 144.47666
59.243324, 73.498291, 142.71922
59.445869, 73.213745, 14.354999
59.737175, 74.31018, 65.889579
58.819759, 74.58847, 75.885002
59.068843, 74.589263, 36.938331
59.287841, 73.434112, 46.156929
59.79507, 74.757446, 18.636667
59.821151, 74.208343, 95.030769
59.40319, 73.792327, 92.534858
59.314735, 73.679657, 19.943332
59.740791, 74.585815, 85.134765
59.487239, 73.170043, 28.424999
59.47882, 75.435607, 64.476669
59.706821, 72.080688, 23.704523
59.135608, 71.525756, 42.40987
59.053764, 74.050354, 34.109546
59.303314, 73.318389, 103.80952
59.112663, 74.122192, 47.469524
60.165397, 73.410125, 11.036666
59.631736, 73.813171, 136.41374
59.42564, 72.761627, 17.729166
59.640491, 74.241729, 26.646667
59.433937, 73.065277, 11.399999
59.395736, 73.818267, 63.576248
59.292018, 74.504272, 57.768096
59.326179, 74.700195, 26.614608
59.419906, 73.720825, 52.898334
59.685222, 74.807189, 62.576904
59.221221, 73.545349, 55.339912
59.459957, 71.923248, 6.5566668
58.727855, 73.781311, 40.476665
59.542835, 73.029663, 69.380882
59.841373, 73.511261, 13.976666
59.737304, 73.430114, 30.399999
59.113899, 74.645416, 60.470832
59.141208, 74.470214, 75.237274
58.703887, 74.657989, 72.781471
58.671566, 73.429565, 32.303596
59.741363, 72.780914, 41.716228
59.290348, 74.503509, 35.696212
58.907989, 72.400573, 44.834762
59.224052, 72.899017, 40.845512
59.157066, 72.591705, 73.044998
59.647888, 72.245636, 11.273333
59.29071, 72.253265, 8.3533334
59.576519, 73.585571, 85.51052
59.326118, 74.601593, 140.83532
59.508804, 73.676971, 153.32438
59.109878, 74.349609, 81.230361
59.112545, 73.69757, 49.826667
59.104961, 74.529693, 20.105833
59.662181, 72.429351, 95.955001
59.700828, 73.500274, 29.739999
58.556621, 71.893096, 15.341666
59.470829, 75.154937, 17.545
59.3647, 73.338806, 116.84249
59.230876, 73.833953, 51.958137
59.060443, 74.50177, 34.545513
59.040466, 73.89389, 37.842369
59.177841, 73.34143, 83.895393
58.976345, 74.481994, 85.472564
59.445373, 73.815368, 74.698333
59.336517, 73.006225, 40.285785
59.728084, 74.630676, 96.081665
59.412307, 73.739257, 18.286666
59.138881, 73.340545, 8.9264287
59.661644, 74.076507, 77.356567
59.460563, 72.235961, 143.21368
59.410411, 57.850433, 16.975
59.639972, 75.245239, 79.383331
58.991687, 75.263824, 81.852615
59.283348, 72.215026, 22.961061
59.60646, 74.370697, 9.5466671
59.355625, 72.493133, 10.189999
59.45528, 73.982879, 61.174488
59.771053, 73.556152, 24.871191
58.973285, 73.923614, 87.456535
59.516597, 74.04483, 26.045
59.054161, 73.854461, 138.18646
59.160015, 75.427276, 57.764999
59.668205, 73.857696, 43.109211
59.801578, 74.705474, 31.93625
59.32418, 71.636688, 7.96
59.170166, 72.199737, 70.739913
59.110397, 73.132995, 43.073333
59.481594, 74.053314, 53.123333
59.795509, 73.838531, 34.448333
59.517829, 72.17926, 122.39167
59.761943, 73.060272, 10.176428
59.413009, 75.379303, 75.991668
59.377323, 73.239685, 34.878334
59.529296, 73.551849, 23.42
59.633945, 74.244049, 69.596664
59.391788, 74.017852, 30.324047
59.129829, 72.581146, 16.604999
59.51786, 72.548431, 146.83
59.992321, 72.363098, 50.886928
59.521297, 73.130004, 19.081666
59.183898, 73.225097, 17.891666
59.135692, 73.851898, 6.3983335
58.754661, 72.894378, 95.181434
59.507053, 73.910858, 28.136667
59.625064, 72.727691, 21.269544
59.330471, 73.766296, 7.2049999
59.447883, 73.483734, 21.193332
59.414329, 73.560974, 95.676666
59.56335, 73.896087, 23.519762
59.702556, 74.324615, 104.06816
59.089241, 73.37741, 90.839996
59.130836, 74.836822, 17.838333
59.554115, 73.146728, 45.936428
59.124141, 76.346954, 52.723331
59.198513, 73.405334, 87.305458
59.649719, 75.212677, 6.9983334
59.016002, 75.146759, 32.54
59.870151, 73.328674, 82.531669
59.155368, 75.525268, 8.4533329
59.560241, 74.24002, 76.706665
58.788879, 76.321777, 18.661666
59.744892, 74.224853, 14.994999
59.043865, 73.122802, 31.549999
59.507019, 73.269256, 64.143333
58.860134, 74.290741, 107.87075
59.367866, 74.840393, 43.935302
59.328857, 75.678222, 139.29345
59.278907, 74.543396, 60.716766
58.60062, 73.586456, 17.137727
59.709472, 73.349823, 58.282543
59.105556, 74.262786, 128.5832
59.366317, 73.593017, 158.1714
59.662754, 73.988861, 110.9775
59.354362, 74.767395, 91.027496
59.444194, 74.599151, 11.899999
59.636257, 73.329101, 53.439167
59.362529, 72.884582, 119.07666
59.537014, 72.100494, 42.281665
58.98912, 73.978454, 79.969558
59.525753, 74.566558, 52.612617
58.95251, 73.227905, 25.446666
59.351329, 74.128692, 18.865833
58.636909, 73.22879, 35.270713
59.503772, 74.614685, 15.346666
59.552921, 73.196746, 26.235
59.585571, 73.459014, 27.004047
59.132583, 72.64862, 39.849998
59.475147, 73.776153, 100.26176
59.112587, 73.275421, 68.741668
59.165203, 74.626129, 23.366666
59.259414, 73.034057, 34.256668
59.702629, 73.600006, 12.973717
59.350753, 74.690979, 22.943332
60.02568, 72.96936, 96.474357
59.899349, 73.250091, 40.599525
59.427478, 73.917388, 139.01773
59.63554, 73.068054, 58.272617
59.01017, 73.877899, 28.454999
59.181881, 72.780609, 21.538333
59.528575, 75.049713, 24.016794
59.269146, 74.004882, 68.510002
59.852745, 73.355133, 111.2575
59.00877, 73.113555, 94.143333
59.57592, 72.971557, 128.90707
58.799873, 73.515197, 103.33667
59.583969, 74.361969, 54.601665
59.492599, 74.744476, 76.841667
59.450855, 72.127777, 68.648094
59.397411, 73.960418, 62.593334
59.121814, 73.296264, 103.2761
59.280208, 72.986846, 15.864999
59.020877, 72.294433, 88.764999
59.606514, 73.22174, 100.16999
59.380474, 73.788543, 44.703334
58.552166, 73.29245, 26.468334
59.580379, 73.966003, 33.183334
58.819084, 73.159423, 14.774523
59.603908, 74.556427, 7.8533334
59.438415, 75.223602, 61.323333
60.046604, 74.492157, 8.2766666
59.300987, 73.56369, 61.516014
59.266185, 73.636474, 39.090881
60.117645, 75.081268, 132.31214
59.19065, 74.907165, 41.16143
59.422943, 72.975006, 62.581665
59.031562, 73.322876, 34.644046
59.566234, 72.368866, 35.848331
59.492256, 74.30487, 16.434999
59.353416, 74.79718, 47.27782
59.179969, 74.21231, 24.155
59.317504, 72.766479, 36.856666
59.768875, 73.649078, 72.260002
59.514385, 74.952056, 41.584999
59.309673, 73.904174, 27.479999
59.314571, 73.120239, 167.12715
59.288024, 74.151977, 7.2016668
59.628559, 75.05603, 99.009941
59.423278, 73.769989, 68.379997
59.541286, 74.123352, 43.748848
59.820079, 74.214874, 28.521429
59.33562, 74.073913, 32.84106
58.972129, 73.866943, 47.838333
59.534973, 74.622406, 130.34736
60.049549, 73.254486, 55.801155
59.46347, 73.942504, 21.193332
59.461883, 71.992584, 73.754997
59.613689, 73.545196, 24.521667
59.559345, 74.675537, 7.0216665
59.2383, 72.812957, 20.763334
59.770168, 75.486908, 20.1
59.388584, 73.816864, 7.315
59.341209, 75.330169, 6.6683335
59.298618, 73.593078, 87.903732
59.41962, 73.726074, 41.129581
59.090065, 74.049011, 90.206108
59.216194, 73.60791, 64.034759
59.587474, 73.478241, 49.478508
59.384098, 73.923553, 27.815
59.656436, 74.763885, 7.1133332
59.480125, 74.162139, 135.16806
59.233131, 73.870971, 89.897254
59.61314, 74.45755, 63.7
59.603401, 73.538452, 100.76572
59.445606, 118.24517, 5.2466664
59.304, 74.893402, 115.35611
59.912685, 74.922607, 142.39299
59.821903, 74.096893, 141.80999
58.96379, 74.828247, 49.383205
59.390518, 73.31607, 13.461667
59.584713, 72.963714, 188.91297
59.608413, 74.778381, 11.92
59.555339, 74.423095, 32.455001
59.460086, 73.630523, 38.867942
59.627872, 74.354339, 21.852878
58.979663, 73.928131, 120.95666
59.443737, 72.174591, 48.483333
58.834556, 73.441375, 44.987548
59.346981, 75.295593, 87.158485
59.779377, 73.45346, 24.198333
59.526199, 73.361816, 51.145
59.118621, 73.178619, 62.96619
58.987541, 74.293823, 66.763336
58.95063, 72.701843, 37.75
59.099353, 72.881652, 90.054855
59.600414, 73.281951, 20.52
59.36507, 73.20993, 97.04924
59.572616, 74.989227, 27.42
59.227134, 72.211944, 19.584999
59.510635, 73.716064, 46.679241
59.694786, 73.389068, 49.448333
59.710487, 74.994201, 124.82312
58.830287, 73.4794, 17.006666
59.338279, 76.363616, 68.513717
58.98376, 72.162994, 57.721317
59.097164, 75.630981, 146.00428
59.636299, 73.750396, 28.333334
59.116821, 73.553772, 71.558784
59.20401, 72.686157, 93.373848
59.437908, 73.558563, 56.943332
59.32069, 74.197235, 23.386667
59.007778, 74.132232, 95.221664
59.025325, 74.718505, 81.812858
59.276416, 72.95935, 84.807807
59.516269, 73.84436, 42.59
59.550468, 72.14392, 61.16114
59.276245, 74.115997, 33.761665
59.61293, 74.738586, 11.778333
59.233913, 72.03012, 33.060001
59.613975, 72.916015, 6.1866664
59.387496, 73.232849, 59.832859
59.333931, 73.945068, 88.390609
59.771404, 74.451538, 13.401666
59.574405, 73.195587, 38.663093
59.607494, 73.356384, 44.218334
59.02729, 71.994781, 44.338333
59.210773, 74.418884, 75.53572
59.246437, 72.958404, 46.650001
59.515827, 75.089843, 114.87386
59.382366, 73.647277, 43.215908
59.216915, 73.162445, 27.473333
58.91893, 72.544189, 52.245784
59.151393, 71.944397, 77.171089
59.104393, 73.75769, 28.509761
59.13496, 73.307434, 40.294998
59.769474, 73.883697, 28.468334
59.604354, 74.378418, 58.003334
59.430019, 72.783721, 184.01666
58.823516, 75.176849, 65.495193
59.413646, 74.796264, 25.096666
59.624599, 74.747863, 108.58999
59.30363, 73.993316, 38.159999
60.017501, 72.509491, 27.113332
59.839019, 74.315551, 23.233333
59.663772, 73.215362, 30.428333
58.87725, 73.936248, 27.584524
59.266815, 72.734497, 40.203094
58.961631, 73.466095, 41.818332
59.508812, 74.301239, 12.713095
59.454319, 73.968017, 41.794998
59.528106, 73.645233, 59.926666
59.554019, 73.7388, 103.77349
59.874298, 72.365081, 59.225952
59.296413, 72.857971, 5.6833334
58.892662, 73.169036, 79.959587
59.624694, 74.592437, 47.158332
59.534133, 74.311309, 57.665
59.414886, 74.624115, 110.47357
58.933719, 73.503051, 28.471666
59.864223, 71.729095, 26.934999
59.460857, 72.482086, 53.964607
60.149856, 71.767913, 59.185176
59.391239, 74.495941, 41.52
59.165569, 72.445068, 22.376667
59.450172, 73.637756, 40.252574
59.609798, 73.645782, 108.52959
59.776027, 74.071716, 38.881668
59.933574, 73.538604, 16.571666
59.243751, 73.955474, 69.521667
59.065765, 74.380096, 10.956666
59.618682, 73.765655, 31.315
59.364406, 73.818817, 48.777729
59.382305, 73.416931, 21.566667
59.351833, 72.924408, 66.514801
59.173515, 74.01181, 18.133333
59.55714, 74.225463, 60.689849
58.985225, 74.35968, 16.645
59.717815, 73.396209, 39.371059
59.438594, 73.549896, 104.20842
59.13462, 72.161377, 9.5500001
59.707763, 73.982696, 24.858333
59.434494, 74.066619, 10.835
59.471614, 73.981292, 56.154998
59.562305, 73.456604, 18.219165
59.093273, 73.841064, 48.405757
58.869693, 72.727356, 37.29
59.603462, 72.849243, 81.48944
59.115131, 73.903076, 23.636667
59.224437, 74.617523, 18.066537
59.168819, 74.365448, 143.5793
59.45948, 73.194366, 37.526248
59.069301, 73.84732, 59.276668
60.249584, 74.000061, 34.666667
59.624977, 73.637512, 18.479545
59.569484, 74.768066, 58.596668
59.332965, 73.050781, 15.561666
59.106933, 73.14978, 48.055
59.381256, 73.936279, 14.941666
58.984569, 74.429168, 143.53817
59.242958, 73.927429, 47.95539
59.1678, 74.474029, 135.39833
59.22591, 74.067108, 19.053094
59.090179, 73.64508, 18.731666
59.607818, 73.655731, 35.654487
59.35456, 74.169128, 34.65625
59.55965, 73.9375, 47.412918
59.44807, 75.420593, 149.81166
58.853698, 75.695159, 57.524421
59.619304, 74.272827, 94.976669
58.817852, 73.708221, 27.032878
58.828533, 73.567199, 24.971153
59.098655, 73.825775, 135.76547
59.601638, 74.855987, 30.180128
59.69556, 74.101196, 74.321151
59.408, 74.119628, 93.49353
58.946167, 73.406005, 44.988845
58.719203, 72.187988, 44.928333
58.884693, 74.128601, 36.365715
59.359493, 72.808471, 47.111667
59.336475, 75.691955, 86.985
59.714073, 72.637085, 100.63746
59.385635, 73.42984, 65.043335
59.397697, 75.286834, 43.922855
59.309455, 74.570098, 51.433181
59.286422, 71.795379, 152.28833
59.509429, 73.648162, 57.966667
59.302059, 73.610168, 62.570835
59.80793, 73.417266, 70.239059
58.791397, 75.124237, 45.226211
59.201385, 72.460601, 41.630001
59.202156, 73.093261, 23.156665
59.505184, 74.132934, 23.316667
59.545475, 73.62741, 26.254999
59.392612, 74.067382, 14.543333
59.399059, 73.928772, 78.228332
59.163681, 73.504943, 66.14167
59.332241, 74.390106, 71.719116
58.893707, 73.40512, 74.2275
59.244483, 73.151092, 50.268138
59.361782, 73.666229, 93.651138
59.289363, 73.696685, 24.235
59.812271, 74.132415, 110.80076
59.67456, 73.221923, 76.488334
60.209892, 73.187225, 21.729999
59.305328, 74.317718, 66.866668
58.906715, 73.706146, 92.842819
59.296432, 73.248504, 29.159999
59.385017, 75.148773, 44.838333
59.363372, 72.271972, 61.473331
59.32587, 74.467987, 169.86689
59.372253, 71.736419, 114.80333
59.232719, 73.121093, 10.968333
58.961723, 73.750579, 106.345
59.579753, 73.949646, 38.529998
59.202304, 73.958587, 75.928657
59.841655, 73.942443, 40.563236
59.436302, 74.272369, 87.635002
59.288021, 74.09906, 39.058334
59.011478, 73.850524, 29.35
59.720104, 73.531494, 10.35
59.609088, 74.829834, 23.248333
59.441204, 72.511566, 90.355323
59.666473, 74.394683, 38.414485
59.498771, 74.345886, 31.339582
59.314617, 73.87799, 133.8097
59.514137, 75.041503, 40.965
59.340084, 73.39392, 13.47
59.729324, 74.557922, 65.775001
59.000408, 72.538452, 38.941059
58.724018, 73.390899, 56.648635
59.490936, 74.371215, 43.021667
60.067024, 72.740325, 86.681663
58.615779, 71.897613, 40.923206