Particle  True Energy	E_exp  			Stds			PHD			Uncalibrated peak means		Channel st.dev

p	  577		577			17.751693243684436	0.0			16.83597726854288		0.2567847993549146

a	  1400		1357.63970980556	31.6223762982154	42.36029019444004	40.330077483222645		0.6725911179773683

a	  1464		1442.5592692682703	18.975077418431436	21.440730731729673	42.00658965579711		0.2934586147656381

p	  1815		1815.0			18.512545175896264	0.0			53.18815906929055		0.27959312391297864

a	  2050		2017.5742250484407	18.833629171438805	32.42577495155933	59.38278971039864		0.28921837117948007

t	  2730		2682.235146663234	18.47719553128325	47.76485333676601	79.63379111094523		0.2785334352492435

a	  4750		4660.090240923229	20.12460803874056	89.90975907677057	139.2813243716698		0.32791849633710735