#p1815.txt, PH, ToF, MCP PH
53.236244, 98.34402000000006, 11.810714
53.520267, 99.99590999999992, 12.206428
53.848953, 98.83535999999998, 8.6633329
53.084663, 97.57382999999999, 77.802719
53.096546, 96.74340999999998, 27.63705
53.810913, 99.42635999999999, 11.941666
53.137245, 96.45389, 8.3866663
53.172245, 99.90597999999994, 11.216666
53.183742, 97.31607000000002, 37.564998
53.499218, 96.19256999999999, 18.848333
53.222023, 97.29593, 14.526428
53.35741, 98.33411000000001, 8.7550001
53.484714, 97.51093000000003, 20.111665
53.442745, 97.11016999999993, 17.141666
53.482097, 96.88284999999996, 66.626663
53.205268, 99.56567000000001, 45.02
53.605037, 98.27285, 17.17119
52.754386, 97.62970000000007, 21.338333
53.53173, 99.78348000000005, 27.388334
53.039756, 96.87752999999998, 13.754047
53.175968, 97.38378999999998, 16.171667
53.591678, 97.04656999999997, 35.446666
53.376346, 98.26251000000002, 20.774999
52.871486, 97.84487999999999, 13.441666
53.271343, 98.35751999999997, 11.706428
53.394203, 98.50536999999997, 15.343333
53.041198, 97.60129, 123.08004
53.629001, 99.34868999999992, 26.239999
53.048656, 97.70886999999999, 44.599166
52.868518, 98.35627000000005, 56.470001
53.209457, 97.44245000000001, 77.42237
53.184719, 98.74335000000002, 16.966667
53.672023, 96.8512, 55.201427
53.423992, 99.65423999999996, 26.506666
53.519794, 99.20056000000005, 20.063333
53.503795, 100.22400000000005, 16.203332
52.942386, 95.98594000000003, 23.286666
53.469348, 96.95956000000001, 29.023332
53.078964, 98.27215999999999, 28.473333
53.517101, 98.77649000000002, 10.22
52.966373, 100.74336999999997, 23.946666
53.191928, 95.81759999999997, 15.443333
53.198116, 99.41574000000003, 16.02
53.542617, 96.31899999999996, 28.522499
52.917964, 96.84612999999996, 66.076667
53.248554, 97.90124999999995, 29.494524
53.383037, 98.53949, 35.706249
53.140911, 96.19086000000004, 35.289165
53.225708, 99.57565999999997, 14.113333
53.279758, 98.48731000000004, 49.823333
53.070732, 98.23916000000003, 26.228332
53.711959, 97.97613999999999, 37.52
52.807865, 96.85864000000004, 143.47662
52.507976, 97.04489000000001, 21.31318
53.353786, 96.52161000000007, 16.844394
53.099109, 97.85207999999994, 34.788333
53.504753, 98.75603999999993, 14.475832
53.511711, 99.63120000000004, 9.7316665
53.13861, 99.36367999999999, 62.509243
52.954124, 97.41629, 12.104047
53.709564, 98.20788000000005, 9.1533336
52.943103, 99.26128999999997, 16.065
53.330383, 96.69408999999996, 10.028333
53.090435, 100.14913999999993, 42.423332
52.712757, 100.94028000000003, 62.033939
53.216507, 100.04989999999998, 20.418333
52.936862, 575.9595701, 13.609999
53.15652, 98.63967999999994, 35.328334
52.863548, 97.77941999999996, 68.548095
53.572715, 98.74459999999993, 24.075
53.492446, 96.88211000000007, 14.303094
53.187877, 99.11496, 29.568332
54.108532, 95.58972000000006, 25.403333
53.882473, 98.30997000000002, 30.548334
53.682769, 96.15356000000003, 55.063331
53.479019, 97.07101, 77.037269
53.468593, 99.37594999999993, 13.828332
53.13348, 100.19063999999997, 31.049999
53.35461, 98.46898999999996, 22.806667
53.491912, 96.87182999999999, 11.385
53.692047, 96.59357, 19.0
53.020694, 99.12564000000003, 8.458333
53.407558, 99.14327999999995, 11.008333
53.447341, 99.82056, 74.911666
53.666988, 100.27156999999994, 22.755832
53.341182, 99.03189000000003, 32.269241
52.770298, 96.57673000000005, 41.6399
52.921119, 96.51235999999994, 50.178333
53.290393, 97.02118000000002, 30.998333
53.286666, 97.38062000000002, 22.816667
53.21529, 99.08402000000001, 10.428333
53.703388, 100.33971999999994, 49.740001
53.235885, 98.11330999999996, 20.211666
52.710834, 99.99255, 29.851667
52.788475, 97.41894999999994, 9.5933332
53.082946, 98.32083000000006, 13.948333
52.706909, 97.41461000000004, 18.274999
53.255943, 99.10937999999999, 23.99119
53.282943, 98.01325000000003, 16.951665
53.1291, 99.62657999999993, 23.511667
53.009338, 96.75412, 14.261666
52.836475, 97.94625999999994, 69.128334
52.992771, 97.01004000000006, 62.250831
53.099838, 98.83339999999998, 44.379241
53.511417, 99.78020999999995, 9.9700002
53.322826, 99.22599000000002, 16.286666
52.968765, 98.25686999999999, 12.268333
53.548809, 99.36138999999997, 27.215833
53.050682, 97.11908000000005, 35.19218
53.619281, 98.75384999999994, 23.455909
53.194397, 98.59387999999996, 23.443332
53.218574, 99.73450000000003, 15.258333
53.059536, 98.75652999999994, 53.065303
53.580238, 98.44029999999998, 12.404999
52.749259, 99.24209000000002, 16.62
53.282054, 99.42846000000003, 36.426666
53.054317, 98.22357, 23.422575
53.56451, 99.03844999999995, 17.989999
52.925586, 98.63171, 22.311666
53.328022, 98.67806999999999, 15.955908
53.422016, 99.22323, 34.25119
53.582126, 99.23302999999993, 15.704999
53.166439, 100.01812000000001, 14.308333
53.155494, 98.65857, 22.323095
53.084224, 98.35275000000001, 26.073333
53.066093, 97.41559000000001, 8.1000003
53.513824, 97.49718999999993, 32.205715
53.023967, 97.31545999999997, 68.004997
53.320163, 97.66213999999997, 37.00119
53.307334, 100.60546999999997, 26.433332
53.42509, 97.88840000000005, 16.027727
52.886329, 98.57, 50.266765
53.172508, 97.74829000000005, 21.353332
53.262023, 99.95812999999998, 18.495
53.048488, 97.83745999999996, 13.199999
53.289962, 97.45403999999996, 42.106666
53.225769, 97.75545999999997, 18.663333
53.93349, 98.02502000000004, 24.885
52.89904, 97.50231999999994, 8.6264286
53.171775, 98.69709000000006, 26.212499
52.492687, 99.22745000000003, 13.996666
53.238102, 96.87034000000006, 17.288637
53.615894, 98.54613999999998, 15.904999
53.560737, 97.09125, 35.380001
53.270809, 99.55303000000004, 26.95
53.423091, 97.20623999999998, 44.999614
53.695232, 98.00782000000004, 21.659999
53.247116, 98.92431999999997, 9.2349996
53.359256, 97.06621999999999, 12.494999
53.525245, 98.18077999999997, 22.285833
52.677692, 98.64819999999997, 13.391666
53.090305, 97.33231, 35.359165
53.313346, 97.86883000000006, 35.936668
53.096653, 99.77149000000003, 26.056667
52.930053, 96.13497999999998, 16.351667
52.871639, 98.02749999999997, 14.958333
53.221347, 97.89681999999999, 37.641666
53.471225, 99.02600000000001, 12.383333
53.237346, 98.67059999999992, 25.931667
53.09708, 98.35672000000005, 48.568332
53.284397, 98.77282000000002, 26.926666
53.124588, 100.49718999999993, 15.176666
53.54969, 98.15738000000005, 60.055152
53.308654, 100.03885000000002, 50.415
53.839077, 98.51116999999994, 11.331666
52.947429, 95.82803000000001, 34.403331
53.775104, 101.05462999999997, 88.092575
53.469226, 97.41973999999999, 59.978332
47.297824, 99.28577000000001, 15.996666
53.706623, 97.68345, 36.568637
53.116188, 100.26476999999994, 17.091667
52.909011, 99.28982000000002, 36.328334
53.51604, 98.70995999999997, 37.369998
53.22903, 96.65613000000002, 22.926666
53.182972, 98.82682, 32.183334
53.311912, 96.61057, 22.42218
53.357708, 98.85828000000004, 31.628334
53.171848, 99.88680999999997, 14.648333
52.411994, 96.18347999999997, 38.148635
53.442092, 97.46180000000004, 13.88738
53.209514, 97.69686999999999, 17.42
53.03001, 96.47741000000008, 19.69738
53.023754, 97.48888999999997, 27.464523
52.974178, 99.80053999999996, 20.281665
53.345424, 97.61932000000002, 25.375833
53.281997, 98.32695999999993, 26.013095
52.836166, 99.35485999999997, 34.474998
53.382587, 100.58187999999996, 28.426666
53.087505, 96.78032999999999, 10.766666
53.013347, 99.09399999999994, 54.046665
52.772079, 97.34717, 27.153333
53.005359, 98.14517000000006, 18.866428
53.573345, 96.31108999999998, 67.773429
53.075466, 97.47750999999994, 10.596666
53.388061, 98.46425999999997, 45.353332
53.717556, 100.12283000000002, 30.528333
53.004032, 97.79446000000002, 35.920097
53.402088, 98.87297999999998, 20.016666
53.129665, 95.89745999999997, 32.014999
53.614727, 97.16461000000004, 26.701665
52.854885, 98.71701000000002, 88.373336
53.588691, 95.37533000000002, 26.205513
53.044097, 96.79937999999993, 76.771232
53.149211, 98.31945000000002, 21.788333
53.328559, 98.92933000000005, 20.128334
53.324688, 97.13833000000005, 21.6
53.04771, 96.96825999999999, 12.289166
53.188095, 100.54846000000003, 14.649999
53.339035, 96.36313000000001, 13.593333
52.880893, 100.00872999999996, 42.953334
53.435691, 96.89820000000003, 57.284999
52.984207, 98.04156999999998, 77.091316
53.486679, 98.38614000000001, 41.525001
53.196952, 97.61592999999999, 25.606666
53.270423, 97.14877999999999, 17.241666
52.633876, 98.06461000000002, 11.481666
53.25045, 97.92154, 22.591667
53.617828, 95.86974999999995, 9.25
53.146392, 96.66559000000001, 27.034999
53.243686, 96.73764, 23.739166
53.433105, 97.70282000000003, 23.336666
53.323505, 99.12882000000002, 8.5964288
53.691394, 99.89571999999998, 22.485
53.242435, 98.80053999999996, 9.6300001
53.451232, 98.42334, 48.023719
53.102321, 99.72982999999994, 43.508335
53.098522, 96.70282000000003, 18.261667
53.049232, 98.16165999999998, 26.873333
52.71051, 100.10580999999996, 10.586667
53.145771, 99.04135000000002, 9.3683328
53.268695, 97.71203000000003, 34.898845
53.480838, 98.21062999999998, 23.933332
53.139396, 99.76211000000006, 20.969848
53.059017, 99.19162, 34.87218
52.923133, 95.73871000000003, 31.61
53.336261, 100.19125000000003, 29.375
53.126346, 95.58526999999998, 30.6725
53.210655, 99.31738999999999, 49.741664
53.172336, 97.34637000000004, 17.183332
52.782238, 99.80257999999998, 41.426536
53.110553, 98.22245000000004, 17.261667
53.634456, 99.78448999999995, 31.706666
53.070919, 98.94738999999998, 29.014999
53.130283, 97.87659000000002, 17.215
52.769462, 97.13565000000006, 14.943333
41.257618, 98.61285000000004, 17.736665
53.069488, 97.85235999999998, 16.415
53.366287, 99.70145000000002, 19.873333
52.900775, 96.47573999999997, 16.568332
52.992851, 98.12561999999997, 41.176666
52.896827, 96.50873000000001, 38.581665
53.922573, 97.21188000000001, 66.286247
52.593128, 99.30615, 32.907856
52.713485, 100.09104000000002, 9.7150001
53.515293, 98.07251000000002, 11.238333
53.113586, 96.37203999999997, 18.015832
53.260986, 97.35806000000002, 22.133182
52.803161, 98.02544999999998, 8.836667
52.847019, 99.75272000000001, 49.16991
53.247436, 99.01709, 61.123432
53.087722, 96.78555000000006, 27.296428
53.100811, 100.88864000000007, 34.600383
53.483871, 97.95757999999995, 20.198333
52.716419, 99.24541999999997, 29.313333
53.520412, 99.70714999999996, 36.773334
52.921409, 98.45846999999998, 19.428333
52.961528, 97.93194999999997, 34.485
53.302162, 99.30218000000002, 22.668333
53.07912, 97.92728000000005, 26.903333
53.279468, 98.96710999999999, 23.844999
53.152526, 97.11739999999998, 28.77
53.472999, 97.58267000000001, 24.876667
53.012245, 98.31032999999996, 34.211971
53.361808, 99.86565999999993, 31.987728
53.290107, 98.80914000000001, 29.02
53.429233, 96.89705999999995, 28.753334
53.046745, 97.08191, 42.587379
53.051868, 98.43252999999999, 14.34782
53.32101, 97.56223, 16.686666
53.020443, 97.48473999999999, 18.821666
52.892894, 100.37662000000006, 23.094999
53.335979, 98.68534000000005, 18.473333
53.213863, 97.87273999999996, 30.026666
26.600753, 100.41468000000003, 8.9700002
52.893863, 98.86464999999993, 12.401061
52.445087, 99.96143000000006, 22.351667
53.21381, 98.48120000000006, 48.35218
53.313804, 97.78600999999998, 71.010002
53.486255, 97.59900000000005, 23.219999
53.462558, 98.11106000000001, 35.858844
53.305446, 98.48145, 17.452499
52.963005, 99.38727, 44.867382
53.160423, 99.66498000000001, 50.350383
53.272018, 100.31287000000003, 13.713333
53.482151, 101.01895000000002, 90.209999
53.477684, 96.11206000000004, 72.666664
52.971118, 98.72091, 13.79
53.512142, 97.22882000000004, 26.475
53.265556, 95.87616000000003, 16.793333
53.288654, 97.16272000000004, 42.62318
53.278877, 96.58304000000004, 22.998333
53.352233, 97.09386999999992, 25.826429
53.394214, 97.64175, 25.653333
53.268409, 98.15689000000003, 32.026668
52.840301, 98.62810999999999, 34.56924
52.824054, 98.1112, 62.375
53.008468, 95.97934000000004, 22.219545
53.166755, 95.01992999999999, 73.978332
53.229839, 99.29443000000003, 10.158333
53.303211, 98.47832999999997, 25.459999
53.522205, 97.91705000000002, 27.222381
53.5079, 97.42741999999998, 30.998333
52.680488, 98.69144000000006, 23.133333
46.006385, 100.13939999999997, 23.37705
53.113765, 98.66641000000004, 17.483333
53.218772, 98.22256999999996, 14.22
53.222827, 96.45995999999997, 39.686428
52.78857, 97.50176999999996, 13.634047
53.331924, 96.63412999999997, 26.838333
53.266899, 102.98140999999993, 75.84906
53.131122, 98.91042999999996, 8.3916664
53.327354, 97.34081999999995, 62.02182
52.633091, 98.09970000000004, 29.656665
52.160423, 98.95255000000003, 23.276666
52.675735, 97.67004000000003, 49.838333
53.084182, 98.57519000000002, 23.678333
53.467735, 97.6918, 78.883331
53.2486, 96.23363999999998, 49.319999
52.747661, 97.42919999999998, 35.733333
53.097404, 97.74338, 39.553718
53.235599, 99.98001, 66.799583
53.791927, 99.13623000000001, 15.203332
53.386543, 98.02170000000007, 33.740001
53.126171, 99.41888, 45.396537
53.483959, 98.84668000000005, 28.854999
52.809124, 98.84285999999997, 27.463182
53.38095, 99.65915000000001, 25.806667
53.289413, 96.63525000000004, 19.65619
53.228576, 97.39358999999996, 24.329999
53.007515, 98.78442999999999, 40.345001
52.923145, 100.20605, 11.531666
53.200897, 101.56390999999996, 10.458333
53.501525, 100.60364000000004, 27.783332
52.645275, 99.45037999999994, 31.969999
52.960266, 97.73612000000008, 75.936447
53.054081, 97.94945999999993, 27.493333
28.930311, 101.11050999999992, 84.354164
53.158195, 100.99053999999995, 41.622856
53.020153, 97.31351000000001, 28.273332
53.352397, 99.60326999999995, 85.307807
53.366195, 97.17734000000002, 36.044761
53.218021, 98.68267999999995, 14.788332
53.435085, 99.70025999999996, 23.675832
53.308528, 99.30032, 21.598333
53.442546, 97.32662999999997, 17.809166
53.188911, 99.20239000000004, 15.238333
53.246357, 99.30365, 64.686668
53.479988, 98.86453, 38.413333
53.209301, 98.96975000000003, 41.175785
53.012912, 98.80379999999997, 13.43
52.541156, 98.00522000000001, 15.244999
53.734981, 96.36147999999997, 19.444999
53.012279, 98.37865999999997, 33.201427
53.102462, 97.34212999999994, 35.804763
53.255416, 97.35900999999996, 14.328332
53.172302, 98.44546000000003, 26.828636
53.408779, 99.37991000000005, 28.351667
53.422344, 99.61352, 37.193332
52.892238, 98.35851999999994, 37.365715
53.025959, 97.02242999999993, 29.01119
53.331428, 99.10525000000007, 10.9525
53.436088, 99.47141000000005, 25.239999
53.721725, 98.16931000000005, 47.322177
53.02362, 98.89227, 18.735
51.859851, -930.0161199999999, 30.111665
32.120945, 100.82940999999994, 23.066667
53.176544, 99.49178999999998, 27.548334
53.203437, 98.47112999999996, 10.449999
52.909908, 98.10549999999995, 24.479999
52.66711, 97.78411999999997, 14.509761
53.301879, 98.56717000000003, 49.552452
53.227672, 98.21045000000004, 20.079999
53.1917, 97.15123999999997, 23.254999
53.217224, 96.31048000000004, 61.27769
53.386001, 98.49944999999997, 24.448333
53.418834, 99.57031, 48.202179
53.30318, 97.85535000000004, 85.062576
53.566509, 98.96865999999994, 24.415
53.261039, 96.97997999999995, 40.36
53.377147, 97.96553999999998, 25.233333
53.142448, 98.51673000000005, 16.784999
53.003757, 99.48806000000002, 20.125
53.126579, 100.19399999999996, 32.856212
52.902065, 96.21752999999995, 38.335712
53.064277, 98.40120999999994, 18.042499
52.888954, 97.4805, 16.555
52.63805, 99.82284999999996, 33.747726
40.772102, 105.59474999999998, 10.064999
53.656101, 99.89899000000003, 19.847381
53.281467, 98.44817999999998, 55.856189
53.191349, 98.52496000000002, 8.8216667
53.012634, 98.83931999999999, 26.762575
53.368385, 96.01186999999993, 18.036666
53.442424, 97.09249999999997, 32.423183
52.94627, 98.63074, 35.673332
53.09555, 99.01117000000005, 19.933332
52.979297, 100.15301999999997, 23.246666
53.579086, 99.17743000000002, 58.651668
53.269752, 99.48846000000003, 26.081666
53.42398, 99.61398000000003, 11.92119
53.415779, 97.25076000000001, 62.528331
52.499, 96.96584999999999, 21.069999
53.275352, 95.81679999999994, 47.049999
52.757583, 98.07474000000002, 9.6633329
53.307155, 98.07243999999997, 25.736429
53.255886, 98.98611, 55.599903
53.253452, 98.00858, 45.915
52.998012, 97.98523, 19.656665
52.924671, 97.81949000000003, 42.742576
53.245948, 97.19982999999996, 30.629999
52.976429, 96.75762999999995, 121.5249
52.903133, 95.66126000000003, 12.526666
53.437301, 98.21288999999996, 31.15619
52.875648, 98.35684000000003, 19.455303
53.309486, 97.55284999999998, 12.906666
53.771408, 98.87226000000004, 49.68238
53.211074, 97.83996000000002, 18.498333
53.587474, 98.36654999999996, 62.311668
52.850296, 98.64365000000004, 29.216428
53.384559, 97.05753000000004, 10.848333
53.008441, 100.77376999999996, 18.53
53.151638, 97.61959999999993, 42.55738
53.650978, 96.70021999999994, 25.41106
53.388477, 99.05624, 22.065
53.117473, 98.18600000000004, 43.523334
53.784637, 97.22949, 26.784999
53.373745, 99.20453000000003, 19.793333
53.070072, 98.11687999999998, 20.347856
52.840084, 99.17028999999997, 103.45769
52.849853, 97.27372000000003, 24.263334
53.789714, 97.51543999999996, 37.975715
53.457325, 98.25845000000004, 27.796667
53.5918, 96.10644000000002, 37.988334
52.980953, 99.54667, 23.649999
53.334316, 98.43695000000002, 9.8083334
53.690334, 98.00433000000004, 13.148333
53.593631, 96.86090000000002, 34.696537
52.988266, 96.65726000000001, 21.986665
53.189025, 97.14886999999999, 115.95916
52.790367, 97.56360000000001, 33.024761
53.08189, 96.41327000000001, 12.748333
52.863094, 66.96636999999998, 20.875909
53.373004, 96.45153999999997, 55.605304
53.337787, 98.84134000000006, 21.383333
53.184951, 97.94296000000003, 36.095001
52.925895, 97.05294999999995, 11.646666
53.119167, 98.26416000000006, 31.118333
53.217067, 97.78978999999998, 12.556666
53.709281, 96.95176000000004, 24.364999
53.114543, 98.71628000000004, 10.034999
52.863319, 98.41784999999999, 16.045
53.431884, 99.83373999999998, 17.225
53.19131, 98.69546000000003, 22.873094
52.599353, 98.23383000000001, 45.064998
53.015583, 100.86246, 17.629999
53.126907, 98.13916, 20.559999
53.024444, 99.68805000000003, 51.727939
52.920467, 95.21258000000006, 24.44
52.581737, 101.64815999999996, 20.138334
53.023429, 100.06122000000005, 30.105714
53.023937, 99.58417000000003, 12.057857
53.274581, 98.80997000000008, 61.911666
52.664924, 99.24362000000008, 38.768634
53.381469, 97.89468, 16.225
53.276351, 97.20519999999999, 17.009117
53.326011, 99.1363, 58.043094
53.614986, 97.49538999999993, 144.61567
53.279098, 98.24283000000003, 19.676666
53.210952, 97.71337999999997, 14.691666
52.907131, 95.33177999999998, 35.0
53.152328, 97.41247999999996, 12.052878
53.359634, 97.86538000000002, 24.59
52.962333, 98.11062999999996, 28.365833
53.652511, 96.77658000000002, 20.093095
53.012523, 96.64449999999994, 13.395833
53.578941, 98.529, 8.5533332
53.029151, 97.86734000000001, 28.721666
52.53276, 98.61367000000001, 13.479999
53.144294, 100.54347999999993, 9.4516668
53.404411, 99.05339999999995, 23.389999
52.734676, 98.74355999999995, 12.71
53.650966, 100.90732000000003, 38.251667
53.662303, 98.20266999999996, 34.039165
53.373561, 97.95166000000006, 8.9799995
53.583534, 99.90951000000001, 26.446428
52.67173, 95.60913000000005, 41.713333
53.765995, 98.01486, 9.2411909
52.970871, 97.86526000000003, 17.829999
52.882, 99.48876999999999, 40.796665
53.143432, 96.64054000000004, 30.614999
53.474254, 97.8046, 17.967821
52.908523, 100.64080000000007, 26.523332
52.840755, 99.19274999999999, 51.341152
52.923366, 98.66446000000002, 23.9025
52.856525, 98.89133000000004, 20.725833
53.557445, 98.66757000000001, 14.383333
53.388965, 98.60613999999998, 16.694522
52.871532, 98.60083000000003, 15.875
53.019493, 99.82370000000003, 55.751667
53.857917, 98.29549999999995, 22.865909
53.211841, 98.83868000000001, 39.904998
53.403171, 98.69403000000005, 26.388334
53.418571, 97.18182999999993, 18.566667
52.901447, 98.53485000000006, 14.118332
17.619762, 98.99569999999994, 25.416666
52.797985, 99.17370999999997, 101.23166
53.027862, 98.13246999999996, 15.635833
53.18394, 96.04908, 10.159999
52.901462, 99.46661999999998, 62.880001
52.973743, 101.49273999999997, 36.86
53.010883, 98.11325, 32.401668
53.157306, 96.92864999999995, 11.508333
52.689144, 97.92406999999997, 13.641666
53.298015, 99.15893999999997, 23.31738
53.415039, 99.24527, 42.979583
53.188915, 98.39963, 8.4525003
53.252677, 100.55135999999999, 14.683333
53.567966, 98.08871999999997, 13.594523
52.817562, 99.44088999999997, 27.04
53.173389, 98.21603999999996, 12.991666
53.310199, 99.52088000000003, 23.031665
52.903713, 98.95147000000003, 12.041667
53.081996, 100.89658000000003, 33.840129
53.445522, 97.80858999999992, 39.123096
53.238567, 97.03713999999997, 13.649999
52.854362, 97.24157999999994, 33.906517
52.860191, 99.85669000000001, 14.81
53.527011, 96.61923000000002, 44.498848
52.888942, 98.37957, 39.221191
52.815517, 98.29097999999999, 15.043095
53.736614, 97.75356999999997, 11.146666
52.707263, 98.01819000000006, 13.205833
53.334941, 98.09006, 22.386667
53.13425, 99.72913, 10.085
53.089321, 99.84926999999999, 17.556667
53.103199, 99.73577000000006, 24.461666
53.061683, 96.31869, 29.486665
52.803173, 100.01773000000003, 63.593334
52.950336, 98.28667999999999, 32.108333
52.050537, 98.92760999999996, 40.09476
53.283275, 97.72626000000002, 19.469999
53.14743, 100.26287999999994, 34.900001
52.822479, 98.88486, 62.398334
53.74657, 97.81789999999995, 20.023332
53.41724, 97.22162000000003, 54.308334
52.700958, 96.69265999999999, 15.231666
52.819458, 100.47604999999999, 58.043335
53.426387, 98.48818999999997, 67.356666
52.799659, 101.10865000000001, 21.204999
52.940712, 98.79493000000002, 17.949241
53.120834, 97.87664999999998, 46.235
53.137264, 99.60449, 20.221666
52.992313, 96.13864000000001, 22.323181
53.08464, 100.38271999999995, 15.6225
53.420162, 97.61663999999996, 27.474046
53.666755, 98.21222, 94.995452
53.413051, 99.05102, 13.003095
52.981029, 98.77954000000005, 43.05619
53.239585, 98.31424000000004, 27.864999
53.386386, 98.85192999999992, 51.946281
53.257427, 96.72396999999995, 19.694999
52.907314, 97.90613000000002, 11.643095
53.241565, 98.79279000000002, 11.658333
53.466037, 97.32855, 11.39
53.455234, 97.13333, 22.6625
53.227924, 98.71445000000006, 18.369762
53.027854, 99.59467000000001, 30.548334
52.918193, 100.12767999999994, 37.044048
52.748664, 100.67646000000002, 11.969761
52.63042, 101.04552999999999, 8.3666667
53.245262, 98.87049000000002, 21.385
53.177871, 97.51754, 24.409849
53.319294, 100.23614000000003, 39.838096
53.145244, 98.19974000000002, 21.706666
53.120628, 96.21303999999998, 26.462499
53.386703, 98.22077000000002, 67.433334
53.144474, 98.93788999999998, 25.165
53.76577, 96.78982000000002, 19.835908
52.6879, 97.59069999999997, 22.28
52.666576, 97.92061999999999, 37.064998
53.368114, 99.05154999999996, 38.510097
53.490116, 96.53983, 18.329166
53.295143, 96.87552, 18.087381
53.236564, 96.90008000000006, 41.088333
53.016002, 98.89031, 11.246666
53.19329, 99.86962, 26.625
53.509521, 98.13436000000002, 38.469581
53.691085, 96.94350999999995, 26.883333
53.066635, 97.31979999999999, 20.159999
52.952724, 95.57706000000002, 26.363332
52.689788, 98.24117999999999, 21.873333
53.327827, 97.73888999999997, 17.026212
53.36544, 99.66503999999998, 26.466667
53.370082, 96.65915000000001, 61.886051
52.599926, 97.6925, 24.852878
53.155914, 97.983, 34.248333
53.043273, 96.06154999999995, 10.671667
53.824783, 97.00022000000001, 11.841666
53.428527, 98.73358999999994, 14.968333
53.13338, 99.47579000000007, 112.94944
53.375541, 97.71569999999997, 13.171667
53.060844, 98.36946999999998, 25.795
53.158645, 97.10090000000002, 15.293333
53.526119, 96.70062000000001, 15.609242
53.432415, 101.37952000000007, 49.756362
53.343166, 97.10592000000003, 22.739999
53.042694, 98.62270999999998, 51.695476
53.603115, 98.61496, 34.824047
53.35305, 96.82088999999996, 15.165
52.880912, 96.12133999999998, 25.341667
53.465545, 98.23706000000004, 23.708334
53.382114, 98.62555000000003, 23.056667
52.366176, 99.17279000000002, 18.099762
53.458164, 99.30102999999997, 30.43
53.170829, 98.30200000000002, 41.293335
53.051731, 96.34125000000006, 60.811428
53.035018, 96.00739000000004, 11.488333
53.290687, 98.09487999999999, 16.393333
53.064102, 98.01871, 10.351666
53.252273, 99.19101, 10.204524
52.82938, 98.46045000000004, 24.816667
52.975921, 97.23129999999998, 48.012577
53.093185, 100.02648999999997, 21.488332
53.03915, 98.46578999999997, 25.527856
53.632324, 97.72512999999998, 12.935833
53.127464, 98.17678999999993, 24.858333
53.335273, 100.03897000000006, 10.189762
53.198185, 97.92487, 23.623333
52.98167, 98.16234999999995, 21.625
53.225944, 97.76685000000003, 9.7583332
53.334281, 98.55563000000001, 18.76
53.127948, 99.68682999999999, 23.395
53.130565, 100.66982999999999, 11.416667
52.784347, 99.16094999999996, 38.044998
52.78305, 96.62871999999999, 22.8425
53.372589, 97.69237999999996, 49.54
53.271179, 98.71189000000004, 61.059211
53.204341, 99.73526000000004, 17.809761
52.916358, 96.47781000000003, 36.306667
53.477962, 98.14858999999996, 15.973333
52.991951, 99.81833000000006, 19.475
53.393886, 99.85602, 12.391666
53.007751, 97.40634999999997, 16.199762
53.168544, 100.91897, 49.983333
53.051902, 99.01804000000004, 20.918333
53.328022, 98.71112, 15.501667
53.398937, 97.50632000000002, 45.265197
53.923351, 96.97763000000003, 29.381666
52.39149, 98.44601000000006, 64.262367
53.665161, 98.67478, 37.359165
53.414402, 98.85986000000003, 22.12
53.151844, 98.74285999999995, 24.018333
52.928283, 99.71782999999999, 18.45
53.120197, 97.24338000000006, 18.299165
53.232254, 97.29470999999995, 32.531665
52.882839, 97.51206000000002, 21.649999
53.381191, 99.41757000000001, 20.176666
52.938644, 97.63968, 23.026212
53.396675, 96.44238000000001, 65.139114
53.563648, 95.77486999999996, 32.518333
52.966808, 96.62937000000005, 36.680385
52.94918, 97.26675, 15.716666
53.711227, 102.51489000000004, 20.164047
53.704887, 99.93151999999992, 26.231666
53.224758, 100.34545999999995, 19.856666
52.879291, 99.04058999999995, 19.598333
53.050128, 97.12038999999999, 14.613333
53.019027, 96.57961999999998, 44.485
53.043636, 98.8143, 26.36
53.26614, 99.93602999999996, 53.813331
52.971973, 97.67998999999998, 13.816666
53.018627, 98.13442999999995, 26.101968
53.434677, 98.03039000000001, 33.571189
52.829509, 99.10858000000002, 23.235
53.04, 97.17125999999996, 25.924999
52.996498, 97.90514999999999, 34.341968
53.894626, 97.57687999999996, 91.750602
53.749218, 98.38545999999997, 19.928333
52.842609, 99.85296, 44.229522
52.823429, 98.05865, 44.20605
53.071338, 97.63919000000004, 11.268333
52.990173, 96.33742999999993, 13.649999
53.121612, 99.43894, 12.156428
52.820388, 98.87479000000002, 31.332857
53.020919, 99.42270000000002, 95.328094
53.693931, 97.50650000000002, 12.427857
52.497509, 99.57765999999998, 10.659999
52.720806, 97.15804999999995, 8.7616663
53.438915, 96.77497, 23.27
53.040958, 98.64819000000006, 27.965
53.063579, 100.70523000000003, 22.899761
52.749321, 96.33519999999999, 22.343334
53.479431, 97.70276000000001, 30.961666
53.218879, 99.01144999999997, 26.66106
53.340122, 98.69301999999993, 47.975513
53.600345, 97.57864999999998, 16.977857
53.227062, 99.01375999999999, 8.9507141
53.35823, 96.90912000000003, 21.648332
52.888683, 98.09145999999993, 45.428527
53.241508, 100.06372000000005, 44.616191
53.313045, 101.57681000000002, 42.279285
52.896381, 97.40640000000008, 45.463333
53.895042, 98.58139, 17.183332
52.95914, 98.63997999999998, 10.555
53.349323, 99.73669999999998, 33.518333
52.757244, 99.50265000000002, 31.353332
53.289878, 99.14130000000006, 29.719999
53.35725, 96.61840999999998, 27.403333
53.291076, 97.67905000000002, 40.219242
52.934593, 99.29938000000004, 23.413333
53.029315, 98.09712999999999, 13.625
52.870063, 96.57288, 13.006667
52.766204, 97.76660000000004, 24.226667
52.899196, 97.69028000000003, 24.396429
52.918037, 98.41002999999995, 22.426666
53.035224, 98.21755999999999, 17.256666
53.144943, 94.88788, 23.700714
53.236705, 98.44492000000008, 24.916538
53.386577, 98.78580000000005, 17.909761
52.969047, 96.13473999999997, 74.366668
52.703617, 98.21593999999999, 51.89619
53.734046, 98.23205000000002, 23.451665
53.562366, 97.55084, 25.320715
53.405185, 98.57427999999999, 35.759998
53.085441, 99.01317999999998, 17.52
53.812164, 98.69365999999997, 24.588333
53.265857, 97.18581999999998, 61.645
53.292099, 98.14565999999996, 33.415
53.114627, 97.21377000000001, 38.273334
53.251747, 98.80011000000002, 50.558334
52.59478, 97.99488000000002, 14.771666
53.417331, 99.53125, 49.608333
53.022785, 97.42499000000004, 39.582916
53.176773, 98.22435999999999, 30.029167
53.363735, 101.40066999999999, 9.6733331
53.058494, 98.95795000000004, 18.834999
53.00465, 98.33343999999994, 56.083332
53.145408, 97.54198999999994, 107.61692
53.132137, 98.71722000000005, 12.928333
53.01762, 97.78475000000003, 38.898334
52.734905, 99.06011999999998, 31.685833
53.216426, 96.71157999999997, 38.813331
52.921169, 99.59662000000003, 24.238332
53.274967, 97.31042000000002, 21.165512
53.58562, 100.41976999999997, 9.7049999
53.374267, 98.21169999999995, 22.732879
53.460392, 100.24591000000004, 49.674999
53.58641, 98.65144999999995, 11.778333
53.278007, 98.44379000000004, 8.6450004
52.678417, 98.18616000000003, 20.603332
53.114128, 99.48562999999996, 24.733333
53.229106, 98.63710999999995, 19.125
53.607925, 97.10914000000008, 48.703334
53.188964, 97.72231999999997, 21.333334
53.260932, 98.25842, 20.226667
53.263191, 99.93491, 13.854999
53.217392, 99.30624999999998, 27.548334
53.122921, 98.59500000000003, 15.885833
53.238723, 98.21063000000004, 20.947727
53.557373, 99.73139000000003, 37.893333
53.118881, 96.71939000000003, 34.575
53.276115, 99.36829, 32.764999
41.6609, 99.02898999999996, 16.065
53.112411, 98.41645, 11.317856
53.428829, 98.83627000000001, 29.969047
53.500946, 100.88794000000001, 9.5291662
53.318439, 98.67331000000001, 39.132381
53.086135, 95.47619999999995, 18.678333
52.936542, 98.94478999999995, 45.009998
53.315475, 99.05700999999999, 19.906665
53.023136, 98.86084, 12.356666
52.746147, 96.34630999999996, 11.324999
52.854034, 98.60165999999998, 22.209167
53.497932, 97.60363999999998, 27.206666
53.115966, 100.35451999999998, 48.762382
53.657383, 96.83505000000002, 18.502878
53.784702, 98.66538000000003, 41.34288
53.435966, 96.35451999999992, 68.885002
52.649585, 99.87460000000004, 33.758094
53.489074, 97.66848999999996, 25.274999
53.136642, 99.08426000000003, 24.613332
53.229286, 99.01673, 33.645
53.731098, 96.81026999999995, 12.921667
53.100029, 96.91341999999997, 60.220001
53.898647, 96.77675999999997, 18.50119
53.138462, 98.46142000000003, 18.681667
53.349826, 98.65408999999994, 42.263332
53.307098, 85.26627000000002, 18.236429
53.036182, 98.49288999999999, 47.556667
53.77975, 98.73992999999996, 8.8916664
52.853176, 99.34143, 71.547378
53.208293, 96.89535000000001, 11.088333
53.194267, 96.52026000000006, 32.845001
53.640834, 98.08759000000003, 27.691667
52.993591, 99.11911000000003, 15.576666
53.043891, 98.78496999999999, 18.77
53.603221, 98.67768000000001, 10.116666
53.240142, 97.33392000000003, 65.119483
52.632911, 98.79534999999993, 19.475833
53.592529, 96.44006000000007, 15.461667
52.768482, 98.32724000000002, 30.116666
53.182704, 99.56191999999999, 30.339847
53.577438, 100.16403000000008, 8.2473812
53.017711, 98.75369000000006, 31.649999
53.610309, 99.24771000000004, 33.571189
52.834465, 97.71715999999998, 16.416666
53.330562, 95.47918000000004, 54.39442
52.305347, 98.22181, 15.137727
53.298744, 100.6275, 69.623336
53.131557, 97.86299999999994, 12.074999
53.15509, 94.04266000000001, 18.619848
52.953338, 97.24584999999996, 70.950836
53.055255, 95.59186, 29.895
52.85036, 99.75695999999999, 29.309999
53.036403, 97.37734999999998, 13.59738
53.098648, 100.52779999999996, 86.762779
52.699218, 100.44488000000001, 37.636665
53.44083, 100.10003, 19.819999
53.242027, 98.20005000000003, 21.25106
53.205982, 96.28769, 37.395511
53.685436, 97.48984000000002, 13.681666
52.932075, 97.70514000000003, 20.806667
53.333007, 99.97875999999997, 19.85
52.946044, 100.72208, 26.278333
53.046077, 97.83719000000002, 24.058095
52.773155, 97.45821999999998, 30.831666
53.18972, 97.04261000000002, 20.521667
53.086551, 97.15345000000008, 11.67
53.420333, 97.17473999999993, 26.934999
53.317215, 97.96200999999996, 65.386665
53.511058, 98.54836999999998, 24.934999
53.532211, 96.91071, 35.194999
53.367313, 98.17605000000003, 82.989997
52.908302, 98.34868999999998, 16.351667
53.43338, 97.69906999999995, 22.273332
53.217895, 98.25640999999996, 51.088333
53.308597, 99.46981, 31.299545
52.833499, 98.92422000000005, 27.03
31.999345, 102.31148999999999, 22.213333
53.40221, 99.18927000000002, 51.4099
53.078113, 98.75967000000003, 24.774999
52.571857, 102.14914000000005, 19.073333
52.776462, 99.48721, 26.819999
53.213249, 100.09089000000006, 54.466667
53.30307, 98.06152999999995, 23.684394
53.234684, 98.04479999999995, 24.619167
53.170627, 97.64135999999996, 25.531665
52.992397, 97.51035000000002, 29.048635
53.032489, 98.19983000000002, 15.564999
52.688991, 96.39642000000003, 29.764999
53.217044, 97.85851999999994, 12.396666
53.83057, 99.15413999999993, 29.629047
53.721366, 99.16635000000002, 13.861666
52.863006, 100.74777999999992, 30.38738
53.391525, 99.47606999999994, 24.371666
53.050666, 98.67316, 53.398334
53.082691, 96.14997, 48.425785
53.156498, 96.29870999999997, 9.6049995
52.847385, 98.93166999999994, 60.672123
53.055252, 397.59074999999996, 64.212181
53.128219, 96.21215999999998, 22.143333
53.504268, 96.98007000000007, 53.001667
53.050926, 98.84026999999998, 17.696666
53.020271, 98.83096000000006, 71.726364
53.327461, 98.15801999999996, 16.84
53.103805, 97.74115, 27.465
52.976242, 97.42270000000002, 25.209762
53.407386, 99.37804999999997, 116.69618
53.158348, 97.33647999999994, 25.377727
53.063903, 99.73883000000001, 23.971666
52.834114, 97.52843999999999, 21.819761
53.023784, 99.19165000000004, 35.849243
53.121021, 98.91375000000005, 11.654999
53.701801, 99.6431, 33.486667
52.848991, 97.48253999999997, 22.143333
53.010532, 97.63501000000002, 8.3616666
53.189102, 97.44235000000003, 11.399762
53.300132, 100.19866999999999, 28.001667
53.154045, 98.39209, 32.899166
53.635795, 97.79704999999996, 55.075
53.503738, 97.45245, 32.481666
53.679306, 97.03113000000002, 76.330001
52.85894, 98.20751999999993, 35.545715
52.836967, 97.58233999999999, 30.391666
53.21529, 95.45693999999997, 8.2250003
53.375576, 97.17575, 37.550239
53.0965, 101.06589000000002, 26.119167
53.176986, 97.47128999999995, 30.373333
52.697853, 99.84195000000005, 38.944999
52.845638, 97.75848000000008, 26.763717
53.4281, 98.15268000000003, 44.783718
53.444095, 99.39621, 13.096666
53.210067, 98.65819999999997, 26.587381
53.586418, 100.35208000000006, 42.836666
52.97451, 100.19760000000008, 13.638333
53.254859, 98.00179999999995, 25.112575
53.273181, 97.43236999999999, 20.433332
53.013687, 101.02172000000002, 12.819999
53.238719, 98.08767999999998, 96.541564
53.079578, 97.93280000000004, 10.363333
53.382606, 98.26648, 28.799165
52.804386, 99.04607999999996, 40.11
53.336563, 98.72762999999998, 18.389999
52.832458, 98.68829000000005, 22.091667
53.121505, 97.25390999999996, 60.751472
53.667865, 97.91214000000002, 30.624761
52.871101, 99.28631999999993, 59.060001
52.932296, 97.75493999999998, 89.756919
52.614006, 98.30825999999996, 27.983333
53.446811, 98.79577999999998, 10.141666
53.289329, 98.52725000000004, 60.240001
53.079834, 98.58386000000002, 11.911666
53.479713, 100.32818999999995, 16.986665
52.95243, 98.15295999999995, 14.636666
53.715866, 99.24502999999999, 19.03
53.404171, 98.12932999999998, 25.300384
53.530258, 98.55370999999997, 32.205001
53.111309, 98.04552999999999, 37.286666
53.239242, 98.39426000000003, 13.125
52.45935, 99.04686999999996, 14.546667
53.688362, 98.32001000000002, 87.047752
53.73162, 98.80358999999999, 18.916666
53.506473, 98.64264000000003, 40.31591
53.585296, 97.29613999999998, 32.492382
53.018669, 96.71386999999999, 16.328332
52.954792, 99.34943000000004, 19.553333
53.527038, 98.13408999999996, 46.305
53.060157, 97.23568999999998, 12.595
52.678073, 97.78509999999994, 9.6258335
53.264751, 99.00908999999996, 88.724762
54.081531, 98.28433000000001, 37.473331
53.17633, 98.70996000000002, 25.055908
53.280101, 100.04168000000004, 8.3983335
53.497196, 98.22793999999999, 56.176666
52.69812, 99.57073999999994, 32.0
53.130554, 98.55399000000006, 42.055
52.90855, 97.14575000000002, 12.335
53.447155, 95.09271000000001, 9.2550001
53.284572, 98.87435999999997, 24.281665
53.516071, 99.42602, 58.251426
53.175167, 96.1705, 50.58245
53.801342, 95.73657999999995, 12.701666
53.048946, 98.64138000000003, 22.278333
53.288753, 97.30937999999998, 23.063095
53.219215, 97.68743999999998, 31.881061
53.226223, 96.32195999999999, 50.546516
53.304966, 95.48707000000002, 31.353332
53.740974, 103.50839999999994, 16.925832
53.026001, 96.66314999999997, 24.301666
53.77375, 98.41521999999998, 24.298334
52.927047, 98.47012000000007, 36.889999
53.007934, 98.82022, 22.129762
52.817535, 100.36108000000002, 33.543335
53.306869, 97.49475000000001, 22.076665
53.294139, 97.43933000000004, 31.201665
53.422664, 86.17644999999999, 23.694999
53.455642, 97.09833000000003, 46.675834
52.871284, 96.54691000000003, 29.846666
53.176017, 99.48058999999995, 31.649999
53.127121, 99.25378999999998, 65.199996
52.775707, 83.59921000000003, 26.77
53.380348, 98.91187000000002, 33.455001
53.182697, 96.68305000000004, 30.713094
52.860378, 99.12743999999998, 34.961429
53.117912, 100.14941999999996, 11.363333
53.186569, 100.53008999999997, 11.804523
53.117164, 96.90204, 46.658332
53.642635, 94.54453000000001, 24.318635
53.61808, 96.98791999999997, 27.606666
53.382053, 96.54390999999998, 60.863182
53.154346, 96.09763000000004, 22.208334
53.437538, 99.67779000000002, 40.361667
53.265235, 100.55997000000002, 24.683332
53.337486, 96.66028000000006, 24.351667
53.234634, 97.78163999999998, 68.184761
53.760364, 96.34494000000001, 11.885
53.40076, 97.78021000000001, 101.35833
53.129047, 97.52805000000001, 9.4683332
52.825069, 100.51956000000001, 44.608333
53.121589, 98.95641999999998, 26.993181
53.092601, 98.86609000000004, 13.324999
53.354057, 99.13605000000001, 19.863332
53.618858, 99.47348, 28.431667
53.004665, 96.59027000000003, 8.2966671
53.174675, 98.11556999999993, 8.6850004
53.316818, 98.19860999999997, 15.713333
52.864784, 96.63562000000002, 65.503257
52.550609, 99.88021999999995, 8.1916666
52.873611, 96.59577000000002, 42.697727
53.167858, 99.8956, 19.073333
52.894786, 98.20973999999995, 12.4125
53.306385, 97.12586000000005, 31.626667
53.120857, 97.64009999999996, 17.864999
53.015075, 96.03954999999996, 20.551666
52.498748, 96.14737000000002, 23.903333
53.157535, 98.37024000000002, 11.899999
53.360458, 98.20138000000003, 10.369999
53.796398, 96.29754000000003, 40.154998
53.226947, 95.86602999999997, 26.056667
53.503467, 98.54401000000007, 31.929166
53.047599, 98.27076000000005, 10.771666
52.811821, 99.13320999999996, 8.3950004
52.962249, 97.44199000000003, 18.372499
53.263641, 98.97274999999996, 18.546667
52.978046, 97.13064999999995, 87.217254
53.092426, 98.42478000000006, 50.006931
53.141769, 97.11023000000006, 58.668483
52.793464, 97.89248999999995, 11.938333
53.345962, 97.70911000000001, 25.201665
53.555915, 98.92876999999999, 57.633335
52.479942, 97.90118000000001, 32.108333
53.016338, 99.42319000000003, 27.864999
53.244545, 98.86667000000006, 23.919166
53.507598, 97.37786999999997, 39.973331
53.39077, 100.45632999999998, 30.5
53.005382, 96.68542999999994, 10.610714
53.299823, 97.27137000000005, 19.591667
52.889709, 98.92681999999996, 25.684999
53.88245, 97.62835999999999, 37.534999
53.365371, 99.88241999999997, 10.069999
53.188018, 99.07631999999995, 18.136667
53.259979, 97.08580999999998, 41.990001
53.407623, 96.48473999999999, 21.494524
53.588344, 99.02969999999999, 34.179241
52.940166, 98.73088999999999, 28.144523
53.170543, 96.99254999999994, 43.690128
53.159206, 96.41131999999999, 18.388334
53.573532, 97.04473999999993, 54.091152
53.251674, 97.92691000000002, 37.783332
53.772071, 100.55838, 31.431154
53.434829, 99.18885, 64.268333
53.074604, 98.23121000000003, 14.353333
53.219909, 95.71419999999995, 24.829999
53.268951, 98.00594999999998, 23.223333
53.27547, 100.63040000000001, 11.64
53.094558, 99.48474000000004, 25.281665
53.593719, 97.94867000000005, 93.26667
52.833766, 100.48784999999998, 31.004999
53.182025, 99.52731999999997, 11.55
53.784576, 98.43929999999995, 29.234762
52.945659, 97.92240000000004, 61.647029
53.170833, 97.80010999999996, 15.02
53.516307, 97.08376999999996, 15.396666
53.382164, 99.35260000000005, 37.686668
52.912345, 100.04119000000003, 68.613937
53.337024, 99.25827000000004, 8.7624998
53.166423, 98.84896999999995, 18.323333
53.576229, 98.51492000000002, 37.214763
53.266532, 98.02254999999997, 27.18
53.197055, 100.38650999999993, 30.702879
53.292858, 96.02179000000001, 15.711667
53.17958, 98.28098, 22.726667
52.766532, 97.81482000000005, 40.004524
53.379459, 98.46704000000005, 47.235
53.111133, 97.98150999999996, 39.929584
52.916549, 98.68027000000006, 32.652576
53.332618, 101.08954000000006, 69.250885
52.206146, 97.36392000000006, 23.215303
53.089214, 96.79375999999996, 47.404998
53.546527, 96.99730999999997, 23.058332
53.358234, 99.74063000000007, 33.391666
53.569793, 97.41953000000001, 9.9083337
53.422496, 96.47005999999999, 11.961667
23.80982, 107.43655999999999, 13.841666
49.905895, 97.39046999999994, 11.29
53.110618, 98.51318999999995, 10.79
53.494907, 97.25716999999997, 27.586666
52.872261, 98.17346000000003, 10.096666
53.03672, 97.43777999999998, 30.175832
53.312042, 97.24947999999995, 13.584524
52.9267, 100.23965999999996, 8.7183332
53.08213, 101.11804000000001, 31.1725
53.471084, 99.54232999999999, 44.837726
53.370864, 99.16519, 21.76
53.301502, 96.99172999999996, 32.696514
53.087863, 99.93421000000001, 37.336666
53.330764, 98.22400000000005, 12.859999
53.072586, 99.24361999999996, 14.911666
53.062286, 99.04821999999996, 30.326795
53.158699, 96.08419999999995, 18.248333
53.054798, 96.91717999999997, 51.231666
53.297721, 98.13058999999998, 13.086428
53.421836, 97.35318000000001, 27.516666
53.477562, 96.75040000000001, 60.316665
52.864475, 97.58362, 18.801666
52.408641, 99.50891000000001, 31.798334
52.991012, 99.25652999999994, 72.591819
52.946212, 98.65262000000007, 32.095909
53.241294, 98.49532999999997, 54.409385
53.431842, 97.94436000000002, 29.6
53.43531, 99.56564000000003, 23.776666
53.634098, 99.11316, 83.819999
53.486888, 96.51328000000001, 26.248333
53.427528, 99.38167999999996, 9.9350004
52.481735, 99.37618999999995, 19.626667
53.112487, 99.63746000000003, 17.032499
53.115261, 95.86273, 37.881668
52.859088, 97.69846000000001, 13.244999
53.010955, 97.54912999999999, 42.321968
52.608406, 97.79883000000007, 9.8133335
53.325874, 98.44350999999995, 9.2166662
53.47863, 98.09438999999998, 13.375
53.222, 98.63863999999995, 10.756667
53.188198, 97.68477999999999, 38.923332
52.850688, 97.50144, 14.095
53.003463, 99.08895999999999, 31.0725
52.735561, 98.85351999999995, 14.716428
53.447444, 97.99789999999996, 32.931667
52.311649, 97.98250999999999, 36.940383
53.353431, 98.04314999999997, 23.571153
52.743129, 98.24081000000007, 18.020383
53.198642, 96.15152000000006, 36.393234
53.44976, 96.15307999999999, 30.256666
53.358001, 96.53680000000003, 78.690002
53.080787, 95.90238, 22.048095
53.443588, 99.90989000000002, 15.151666
53.241016, 98.73705999999999, 33.356666
52.640754, 100.12580000000003, 19.0
53.29359, 97.03168000000005, 13.824999
53.199592, 98.40494000000001, 40.403717
52.818248, 99.25604000000004, 10.39
53.139839, 96.76233000000002, 49.206539
52.803352, 97.62896999999992, 14.704999
53.457462, 97.64648, 18.806667
52.847518, 97.66467, 49.613094
53.043701, 97.98825, 49.435001
53.453987, 95.48482999999999, 40.181667
52.900886, 97.86968999999999, 49.36
53.327114, 96.12939, 16.556667
52.640567, 96.80673000000002, 31.183332
52.823139, 97.11767999999995, 19.334999
53.284496, 96.70550000000003, 22.058332
52.946476, 98.89318999999995, 46.375
53.092231, 102.14194000000003, 61.034999
52.927036, 96.56604000000004, 44.536666
53.535282, 100.88945999999999, 10.758333
53.017845, 98.35046999999997, 16.528333
53.417308, 97.63422000000003, 8.1833334
53.546958, 98.46536000000003, 13.154999
53.025249, 96.89139, 19.854999
52.894107, 98.67364000000003, 21.223333
53.270866, 95.76574, 36.82238
53.085472, 96.95733999999999, 17.805
53.263999, 98.15627999999998, 18.581666
53.090595, 98.74349999999998, 25.548334
53.70325, 97.99135999999993, 16.088333
53.108432, 97.54046999999997, 15.723333
52.994461, 97.40181999999999, 43.161666
53.316532, 99.25900000000007, 39.843719
53.417358, 96.61035000000004, 41.559928
53.488334, 96.73672000000005, 11.013333
53.495468, 96.82236, 25.958334
53.294151, 97.62694999999997, 26.059242
53.978759, 98.74142999999998, 58.262451
53.098434, 99.64178000000004, 23.145
53.312179, 99.88921999999997, 54.401668
53.621814, 97.01647999999994, 26.008333
53.150993, 100.89591000000001, 28.156665
53.034977, 97.73064999999997, 24.673334
52.854225, 98.66513000000003, 14.328332
53.056011, 96.55234000000002, 25.309999
53.54776, 98.91237999999993, 49.766513
53.132228, -518.26776, 13.404999
52.850677, 96.50573999999995, 22.891666
52.96458, 98.48065000000003, 18.142499
53.402732, 98.17156999999997, 13.299545
53.286712, 96.63027999999997, 25.676427
52.922306, 97.83074999999997, 32.915
53.242527, 98.87056999999999, 15.616666
52.926742, 98.34363000000002, 19.156665
53.2775, 99.23603000000003, 28.718635
53.416805, 97.92011000000002, 23.106428
53.240097, 97.87799000000007, 28.639999
53.451507, 96.84063999999995, 15.904999
52.628204, 97.81246999999996, 25.101667
53.526557, 98.66076000000004, 43.92197
53.726398, 97.71730999999994, 32.479045
53.138168, 97.17376999999999, 43.784999
53.416828, 101.01478000000003, 8.8933334
53.005317, 98.65665000000001, 31.126667
53.191265, 98.22208, 12.93
34.769527, 100.22699, 35.819999
53.372264, 98.66739000000001, 26.318635
53.329189, 97.44806, 9.9449996
53.014091, 97.46273000000002, 13.666667
53.416645, 98.49624, 22.353096
53.105781, 98.10718000000003, 52.426429
53.302543, 99.05712999999997, 15.266666
53.463432, 97.75329999999997, 31.136667
53.702655, 97.58445, 31.889242
53.166816, 96.93825999999996, 19.921667
53.420688, 97.18755999999996, 28.985
53.34634, 98.12485000000004, 11.755
53.554748, 97.34978999999993, 30.311666
53.320388, 95.26268999999996, 17.829166
53.309238, 98.80212, 34.003334
53.507953, 100.49582000000004, 44.111152
53.220439, 96.82437000000004, 17.916666
53.586628, 97.77909, 20.565
53.235153, 97.74975, 44.013095
52.774616, 97.79031000000003, 8.5900001
53.208622, 99.84177, 24.514999
53.134418, 97.05676, 32.508335
43.613735, 98.30008000000004, 14.187727
52.949588, 98.57283999999999, 55.830001
53.035797, 98.16735999999997, 163.79467
53.088623, 97.98682000000002, 54.763332
53.746231, 99.28333000000003, 17.516666
53.685527, 95.50778000000003, 44.216667
52.948616, 99.95819000000006, 22.861665
52.967433, 99.53929999999997, 60.372718
53.599975, 95.71359000000007, 47.936668
52.68114, 100.51053000000002, 15.418333
52.99142, 98.60381999999998, 54.128334
53.936161, 100.45060000000001, 21.511667
53.363876, 97.78546, 17.485
52.907344, 98.68059999999997, 22.623333
53.08974, 99.95754999999997, 27.149545
53.308647, 98.20801, 17.966667
53.303268, 97.58663999999993, 39.045909
52.989555, 100.01218, 17.055908
53.442733, 98.06890999999996, 55.871666
53.449317, 99.45200000000006, 15.118332
53.694358, 99.24733999999995, 60.961666
53.265075, 96.04876999999999, 94.669563
53.129535, 96.52298000000002, 21.245
53.114372, 98.37450999999999, 22.773096
52.502639, 97.72973000000002, 27.123333
53.124046, 99.37124000000006, 34.845001
53.564014, 99.59598, 15.934393
53.283668, 95.56198, 34.2
52.964763, 98.07756999999992, 8.5
53.252685, 99.57337000000001, 40.615001
53.050003, 98.06832999999995, 36.586666
41.860492, 97.09024, 10.97
53.453956, 97.42663000000005, 14.396666
52.77314, 98.54204999999996, 37.241062
53.676826, 97.76297, 17.854047
52.770198, 98.83019999999999, 20.979999
53.442539, 96.11724999999996, 10.904999
53.557247, 99.16393999999997, 24.186666
53.450649, 95.53484999999995, 34.306667
52.985, 99.14279000000005, 28.482856
53.103252, 98.76861000000002, 29.35106
53.548095, 98.90453999999994, 28.833334
53.613597, 98.26535000000001, 17.034999
53.582153, -1332.8385899999998, 23.673334
53.137897, 100.14559999999994, 13.418333
53.09288, 95.71430000000004, 15.75738
52.750331, 96.70568999999995, 52.340129
53.480796, 96.32007000000004, 49.108333
52.860454, 98.34142999999995, 23.444999
53.110488, 99.01993000000004, 91.940834
53.014427, 97.39267000000001, 18.351667
53.118766, 98.83913999999999, 12.078332
53.017047, 97.28591999999998, 36.569999
53.087322, 97.79595999999998, 14.603333
53.163616, 100.21373999999997, 16.078332
47.855243, 97.14544000000001, 25.991666
53.498912, 100.52792, 16.106666
53.356529, 96.99060999999995, 29.159999
53.069252, 96.98221000000001, 20.876667
53.354641, 99.06582000000003, 16.389848
53.232235, 98.70575000000002, 13.196666
53.870452, 99.84094000000005, 21.51197
52.950595, 97.23269999999997, 15.438333
53.443813, 97.16665, 28.641666
52.907814, 100.73662999999999, 60.546665
53.19498, 97.49216000000001, 11.885
52.772922, 97.72323, 12.273095
52.834655, 97.39588000000003, 27.865909
53.54615, 98.92964999999998, 45.5
53.183357, 98.3714, 26.503334
53.488288, 98.05081000000001, 39.521968
52.648403, 97.35314999999997, 12.6925
52.772384, 98.65942000000001, 19.268333
52.461803, 98.75713999999994, 11.664047
53.403808, 98.14370000000002, 12.676666
53.319366, 99.56957999999997, 78.724998
52.68964, 98.41631999999998, 15.694999
52.980209, 98.52376999999996, 33.775001
53.29179, 97.71347000000003, 41.599998
53.230365, 98.66039999999998, 25.093334
27.326223, 103.29901999999998, 31.649999
53.0806, 98.36741, 60.209873
53.001148, 97.06591999999995, 44.924999
53.164474, 97.33597000000003, 39.345001
52.783268, 98.89411000000001, 8.2150001
53.029453, 98.02465999999998, 53.796249
52.633392, 100.20526000000001, 35.194999
53.046493, 99.11565999999999, 21.94
53.368766, 94.85421000000002, 69.864997
53.367015, 98.06798999999995, 26.061666
53.527126, 98.61321999999996, 39.246513
53.431201, 99.50704999999999, 18.266666
53.448307, 97.36307, 60.032142
52.893127, 98.85043000000007, 25.987381
52.914352, 99.95639, 26.838333
52.956089, 99.24233999999996, 21.426666
52.928119, 99.15976, 33.408332
53.136322, 98.67064999999997, 11.165
52.87218, 99.54140999999998, 32.442501
53.223907, 97.54684000000003, 47.726665
53.693264, 98.48578000000003, 30.992576
53.26688, 96.89364, 32.185001
53.577362, 100.25021000000004, 15.494999
52.906578, 98.22180999999995, 32.531154
53.478271, 96.80584999999996, 23.906665
52.703807, 96.82229999999993, 27.069999
52.921917, 99.34961000000004, 14.297381
53.550315, 98.79170999999997, 24.200714
53.465713, 97.10523000000006, 16.266666
52.776062, 94.84817999999996, 17.171667
53.144043, 95.73603000000003, 35.579616
53.94897, 99.00348000000002, 27.299999
52.675651, 96.75317999999999, 10.071666
53.071804, 96.98541000000006, 10.393333
52.994571, 98.56897000000004, 13.510714
53.942585, 97.27893, 56.001152
53.077018, 98.40969999999993, 14.029999
52.941604, 97.24924000000004, 19.108333
53.223259, 100.26735999999994, 40.063331
53.721553, 96.92609000000004, 36.268333
52.948898, 100.64202999999998, 17.6625
53.350471, 97.8768, 28.625
53.447158, 97.17043999999999, 34.080001
53.072277, 97.97964000000002, 21.846666
52.966404, 99.39339999999999, 41.581665
52.6968, 100.69023999999996, 48.650127
52.921279, 99.71210000000002, 19.822877
53.593219, 97.53113000000002, 31.921667
53.343826, 98.24895999999995, 26.266428
53.359504, 97.55321999999995, 30.660127
52.769172, 99.14542, 9.8999996
53.147331, 96.02572000000004, 16.603332
53.204944, 99.72965000000005, 69.483329
53.405265, 98.86773, 15.59119
53.061615, 100.32448999999997, 23.623333
53.234748, 97.23560000000003, 33.695514
53.183208, 99.31427000000002, 58.745475
53.145626, 98.70069000000001, 24.26
52.463867, 99.13848000000002, 32.939243
53.466144, 99.72598000000005, 26.959999
53.302478, 99.84732000000002, 24.504999
53.594539, 97.32166000000001, 66.746666
52.900634, 98.13729999999998, 10.722499
52.605445, 98.91748000000001, 13.185
53.183677, 99.70236, 15.359999
53.287429, 98.28737999999993, 25.486665
52.775756, 97.90149000000002, 30.483333
53.214435, 98.01288, 67.746666
53.37973, 100.07276000000002, 13.688333
53.516288, 99.76461, 8.3450002
52.842823, 95.38647000000003, 11.9925
53.264183, 96.25304999999997, 72.506904
52.879684, 99.88739000000004, 9.92
53.092685, 98.90233999999998, 20.729166
53.762397, 98.04837000000003, 59.653331
53.513523, 98.38693, 33.403095
52.933433, 98.2894, 22.763334
53.358974, 99.54852999999997, 25.792499
52.931007, 100.28902999999997, 57.426666
53.395961, 97.40395999999998, 66.53833
52.703964, 96.75466999999998, 31.379999
53.338981, 98.80752999999993, 41.416538
52.810768, 95.85732999999993, 69.08905
53.443279, 99.08749, 24.453332
52.957691, 98.23897999999997, 13.438333
53.272506, 97.80117999999999, 82.535003
53.258838, 96.53546, 13.159166
53.301616, 98.07958999999994, 11.465
53.283306, 97.55832000000004, 13.076666
53.859561, 99.16692999999998, 13.573095
53.090427, 97.85153000000003, 21.278333
53.007183, 96.58585000000005, 18.399999
52.814331, 99.11806999999999, 55.06295
53.075836, 101.32889000000006, 8.8249998
53.328445, 98.16602000000006, 22.606666
53.659507, 99.21133000000003, 22.464048
53.521026, 98.53137000000004, 38.278331
53.188423, 95.75400000000002, 8.1066665
53.378925, 97.50674000000004, 35.513332
53.683879, 96.57365999999996, 32.177822
22.595617, 103.73401000000001, 23.811666
52.854129, 96.92723999999998, 32.543335
52.617088, 97.88645000000002, 61.623333
52.921859, 98.07010000000002, 15.2725
52.866634, 98.56286999999998, 54.474487
53.094638, 96.57305999999994, 68.620002
53.272995, 96.93573000000004, 16.211191
52.687324, 98.18298999999996, 78.949996
53.450054, 97.63000000000005, 53.343334
53.400901, 97.94338999999997, 26.053333
53.45008, 97.96088000000003, 31.019544
53.273868, 96.95065, 25.093334
52.447078, 97.47348, 23.1825
53.129833, 98.77317, 72.672378
53.567447, 99.35230000000001, 54.993331
53.168193, 97.36892, 12.135833
52.716644, 100.26946999999996, 16.853332
52.79158, 96.80043999999998, 27.975
53.057651, 98.99541999999997, 10.018333
52.823959, 99.22601000000003, 15.915
52.913074, 98.27440999999999, 8.125
52.841007, 98.41778000000005, 53.706665
53.040794, 99.13868000000008, 15.125
52.833576, 99.49105999999995, 12.331666
52.965358, 98.94051999999999, 27.216667
52.80159, 99.39691000000005, 38.766189
53.459713, 97.97913000000005, 14.006667
53.3246, 97.34686999999997, 55.501667
53.65467, 97.67423000000002, 30.871666
53.335029, 98.00839000000002, 30.567857
53.134304, 96.83621000000005, 51.146667
53.316814, 101.60967999999997, 8.4133329
52.951145, 98.60543999999999, 72.34333
52.805843, 98.91082999999998, 31.399999
53.377117, 97.72928000000002, 24.174999
53.195499, 100.41872999999998, 30.874216
52.856601, 98.78261999999995, 39.848331
53.426822, 99.27142999999995, 26.278095
53.220279, 99.71930000000003, 25.763334
53.37294, 96.95071000000002, 24.44
53.044857, 96.27634000000006, 39.805
52.994957, 96.47341999999992, 26.608333
53.816196, 98.28122000000002, 15.698636
53.292758, 99.69180999999998, 26.594047
53.503242, 97.56500999999997, 28.868333
53.492576, 98.57061999999996, 26.80619
53.404865, 99.18019999999996, 25.425302
53.242309, 99.05624, 52.83881
53.322506, 97.19793999999996, 25.53
52.935447, 97.18572999999998, 18.575
53.127124, 97.94619999999998, 10.568333
53.065853, 99.09875999999997, 12.81
53.268707, 99.67493000000007, 18.86
53.227069, 98.57480000000004, 25.969999
53.45774, 97.72649999999999, 25.215
53.392036, 98.14078000000006, 13.486428
52.760269, 96.63268999999997, 36.976665
52.985889, 97.73592999999994, 8.8299999
53.5573, 101.04442999999998, 26.156665
53.302051, 99.39779999999996, 42.664485
53.625564, 97.21148999999997, 15.251667
53.204719, 99.43628000000007, 20.693332
53.337856, 97.16882999999996, 44.740001
53.223354, 98.94756999999998, 25.148332
53.333805, 98.78554999999994, 24.916666
53.353416, 99.36270000000002, 16.603332
53.380542, 98.18760000000003, 21.116428
53.247722, 97.19118999999995, 13.213333
53.304431, 98.12619000000007, 17.821666
53.173957, 95.96080999999998, 20.789762
52.975765, 98.55939000000006, 11.229999
53.3045, 98.23446999999993, 43.809166
53.285636, 98.55323000000004, 14.158333
53.70169, 100.80422999999996, 72.797271
53.809787, 96.50405999999998, 28.75238
52.900466, 98.78391000000005, 15.595
52.573566, 99.14438000000001, 26.171667
52.917793, 97.04955999999993, 16.92119
53.90306, 98.73043000000007, 16.738332
52.755931, 97.99767999999995, 40.76794
52.816124, 98.63902999999999, 26.296667
53.689922, 98.68563999999992, 35.215
53.274375, 98.41003999999992, 21.686666
53.065067, 98.39960000000002, 34.325908
53.508651, 98.76236, 14.508333
53.146377, 97.43453999999997, 18.567857
53.000091, 100.73853000000003, 20.844999
52.784202, 96.23046999999997, 50.215301
53.361244, 99.84854000000001, 35.176666
52.826252, 100.14049999999997, 31.079048
52.874626, 97.79834000000005, 16.778333
53.608177, 98.82531999999998, 63.464393
52.957717, 97.97626000000002, 50.044475
53.400169, 97.54575, 31.516666
53.167552, 97.40467000000001, 51.59288
51.25, 100.23699999999997, 36.740715
53.145587, 100.71085000000005, 14.79
53.105991, 97.86630000000002, 58.291667
52.787036, 95.99074999999999, 10.038332
53.352165, 97.64591000000007, 49.735
53.421501, 98.28348000000005, 70.358482
53.19765, 98.33581000000004, 45.99295
52.9668, 97.88655999999997, 21.12
53.31911, 98.45010000000002, 19.975
53.038318, 99.41960999999998, 18.830715
53.193195, 100.07702, 52.564998
53.232231, 100.58426000000003, 30.831666
53.454784, 98.64917000000003, 32.43
53.496692, 97.58025999999995, 35.869613
53.449504, 95.45556999999997, 34.029613
53.389736, 98.19857000000002, 26.055713
52.773048, 96.94377999999995, 35.401668
53.93507, 97.06903, 11.878333
52.865932, 99.80905000000001, 22.989999
53.127204, 97.99466000000001, 36.494998
53.521823, 96.52097000000003, 43.499763
54.004955, 97.60733000000005, 36.958332
52.909362, 97.12403000000006, 41.346668
53.356197, 98.50444999999996, 8.7658329
53.579414, 97.49597, 17.38705
53.296051, 97.75659000000002, 89.580001
53.132598, 98.94442000000004, 12.996666
53.410839, 95.02527000000003, 32.95346
52.450553, 101.41308999999995, 55.275001
52.778114, 97.79675000000003, 27.084524
52.558681, 99.67815999999999, 73.841667
53.324722, 96.99405000000007, 14.31
52.994262, 95.84924000000001, 105.04257
52.820735, 97.95265999999998, 15.818333
53.211067, 97.98379000000006, 45.746189
53.416606, 96.18894000000006, 12.165
54.034145, 95.99918000000002, 12.335
53.334102, 100.12310000000002, 23.031665
52.903255, 98.9744, 27.353332
53.302784, 99.11718999999994, 25.010713
53.454875, 98.48212000000001, 30.6
53.448143, 97.06969999999995, 15.26
53.235851, 97.84302000000002, 121.61166
53.200496, 98.38103999999993, 38.596668
53.274959, 99.47055000000006, 21.886667
53.326503, 98.28729999999996, 21.448333
53.564632, 98.11702999999994, 30.961427
53.094833, 100.61196999999993, 25.551666
53.690071, 97.38213999999999, 25.649848
53.321456, 97.23313000000002, 18.171667
52.654186, 98.14578, 30.973094
52.914871, 96.28224999999998, 25.586538
53.000473, 99.45829000000003, 29.279047
53.115844, 98.32327000000004, 37.773334
53.068901, 98.63510000000002, 22.681667
53.670013, 98.00621999999993, 46.528331
53.478672, 100.08533, 28.128334
53.355159, 98.30626999999998, 12.596666
53.826545, 99.09323, 37.294998
53.540733, 97.21798000000001, 31.923334
53.154399, 99.89769999999993, 15.324999
53.228378, 96.27655000000004, 22.807857
52.679672, 98.82667000000004, 28.358333
53.421443, 96.94009, 22.594999
53.061389, 97.12994000000003, 30.302179
53.107872, 98.52551000000005, 40.373333
53.081607, 98.43572999999998, 12.739166
53.378223, 99.75409000000002, 32.443332
53.471969, 98.79677999999996, 11.685
52.960643, 97.27706999999998, 25.853332
53.018516, 95.03585999999996, 31.651666
53.323291, 97.87756000000002, 34.841667
53.37857, 99.24565999999993, 71.802894
53.313983, 98.14465999999999, 9.0200004
53.429203, 82.39634000000001, 9.6499996
52.523452, 99.74869000000001, 27.461666
53.337348, 97.50759999999997, 29.826665
53.053459, 97.82675, 16.183332
53.428321, 97.73261000000002, 16.965833
53.386287, 100.43879000000004, 11.273333
52.966766, 97.74588, 65.339584
53.320282, 95.87936999999994, 14.866666
53.14748, 99.79980000000006, 8.7583332
53.19775, 96.41181, 12.675
53.131332, 97.64215999999993, 9.0299997
53.44506, 97.92504999999994, 11.328332
53.268032, 96.44040000000007, 22.18
52.946342, 100.43306999999999, 45.857856
52.826759, 95.69916, 80.806663
52.925216, 97.26952999999997, 17.763334
53.447322, 98.60516999999999, 20.692878
53.330089, 96.09432999999996, 67.514999
53.23941, 100.18054000000006, 23.631666
53.194477, 98.05590999999998, 32.255832
53.48854, 98.16955999999999, 34.034523
52.619613, 97.92824999999999, 19.898332
53.042861, 98.13759999999996, 45.666248
53.320911, 95.86773999999997, 18.861665
53.476131, 100.02469000000002, 13.308333
53.001312, 99.53978999999998, 15.051666
52.322586, 99.59283999999997, 32.838333
53.359767, 100.29275999999999, 14.39
53.492607, 99.12121999999994, 9.4300003
36.539867, 99.69121999999999, 42.74625
53.250011, 97.44815, 63.45
53.298881, 98.18749999999994, 13.27119
53.059871, 98.87478000000004, 80.92881
52.999782, 98.31258999999994, 24.43
53.17316, 97.69527999999997, 78.436668
53.226955, 98.96631000000002, 27.588333
52.843902, 99.24600000000004, 8.9016666
21.83325, 99.86321999999996, 13.207857
53.230567, 96.79883000000001, 18.899166
53.428859, 96.1925, 24.688333
53.224575, 98.61600000000004, 25.356666
53.327312, 98.49371000000002, 30.534999
46.583046, 99.61376999999999, 11.586667
53.123008, 98.92226999999997, 48.705001
53.136673, 100.52672999999999, 8.4716663
53.273811, 98.60515999999996, 15.066666
53.214176, 98.47652999999997, 64.800003
53.791313, 96.92690999999996, 35.405834
52.871402, 98.86526000000003, 27.263334
52.874874, 96.85986000000003, 11.469166
53.350448, 98.0874, 42.361667
53.312686, 98.10422, 38.164047
53.570961, 97.60272000000003, 74.322914
52.788326, 98.73719, 26.181667
53.118545, 100.10262999999998, 47.521152
53.060482, 97.5727, 22.856428
52.300697, 99.97359999999998, 12.105909
53.232227, 97.09201000000002, 71.822059
52.82912, 98.58581999999996, 8.6616668
53.352508, 96.74572999999998, 21.378334
53.694461, 98.45783, 25.506427
52.163143, 98.32593000000003, 29.959999
53.032344, 99.25796999999994, 36.088333
53.494045, 96.15546, 26.395908
53.429908, 100.66340000000002, 35.404998
53.156265, 99.48627000000005, 18.262575
51.502468, 99.40325999999993, 11.654999
53.592487, 96.77393000000001, 21.393095
53.654663, 97.53851000000003, 39.581665
52.788742, 98.42055999999997, 41.895713
53.295551, 97.75137000000001, 32.313331
52.42897, 100.15961000000004, 25.016538
53.24242, 99.3338, 44.881061
53.786792, 99.00225999999998, 54.553333
53.293743, 97.88040999999993, 25.302576
53.42498, 95.58157, 31.078332
52.982017, 96.84888000000001, 18.931667
53.15879, 98.05167, 18.238332
53.393703, 97.81499999999994, 17.437727
52.599525, 97.43207000000007, 37.248333
53.126102, 99.3331, 26.747381
53.045543, 99.14765, 49.259525
53.405265, 99.25, 21.078332
52.764965, 97.04495999999995, 10.984999
53.200428, 100.66341999999997, 34.143333
53.286991, 96.31088, 21.408332
52.924583, 99.47176999999999, 8.8549995
53.172687, 100.20845999999995, 19.091667
53.655304, 99.44854999999995, 63.238334
53.478126, 97.68264999999997, 53.221427
53.479744, 99.86120999999997, 11.343333
53.743904, 98.17284999999998, 34.705001
52.921684, 97.50801999999999, 56.156665
53.089386, 99.92212, 22.188333
52.98516, 95.81714, 8.2666664
53.409595, 96.89584999999994, 37.488334
53.364948, 96.85089000000005, 11.731666
53.690952, 98.56543000000005, 11.181666
52.751667, 100.42043999999993, 15.324999
53.629303, 98.22982000000007, 10.604999
53.130783, 98.04076999999995, 17.624048
53.434345, 99.31573999999995, 9.6850004
52.907863, 99.86212000000006, 17.725
53.35588, 99.19436000000007, 27.034999
53.330017, 99.58629999999994, 22.4925
53.516548, 98.51311999999996, 19.566429
53.189785, 99.36348999999996, 25.7
53.391696, 98.17206000000004, 11.633333
53.355964, 98.50348000000002, 15.451666
53.521362, 97.8526, 25.26
53.33625, 98.96363000000002, 31.238332
53.171299, 97.82397999999995, 26.504999
53.577423, 97.02286000000004, 32.029167
53.287895, 97.36528999999996, 62.68798
52.931633, 99.12835000000001, 29.701665
53.007556, 98.76675000000006, 31.545303
53.509788, 98.52496000000008, 19.988332
53.475654, 100.93099999999998, 23.235
53.09658, 100.79590000000002, 91.069999
53.100784, 99.12045000000006, 20.458334
53.833602, 97.54976999999997, 46.829036
53.401596, 97.11148000000003, 66.781669
53.564418, 98.58922999999999, 8.9883337
53.572284, 99.12304999999998, 14.51
53.485939, 94.73928999999998, 26.561666
52.90868, 100.02237000000002, 22.981666
53.379715, 97.26538000000005, 81.625
53.170658, 97.87708000000003, 37.598331
53.237293, 98.49379999999996, 34.228138
53.481037, 99.45733999999999, 9.6599998
53.716411, 97.94189, 44.451667
52.8787, 97.39779999999996, 61.19625
53.294364, 97.03912000000003, 82.001022
53.183651, 98.53241000000003, 45.150383
53.058139, 98.50335999999999, 39.929615
52.587711, 95.1164, 23.94
53.775528, 99.11754999999994, 26.009546
52.875942, 96.67672000000005, 59.425514
53.077877, 98.32861000000003, 39.181274
53.447006, 97.37197999999995, 36.536537
53.017849, 98.37778000000003, 20.58197
54.007373, 96.6094, 25.853332
53.116977, 98.49239999999998, 23.061666
52.923763, 96.97329999999994, 28.451665
53.581207, 99.86779999999993, 29.103332
52.608978, 100.44528000000003, 21.698333
52.874397, 96.37084999999996, 32.653331
52.725101, 99.27893, 8.7399997
52.746547, 97.99581999999998, 28.861665
53.491333, 99.21341000000001, 21.139165
53.524986, 99.16962000000001, 21.075
53.631252, 100.22870000000006, 12.824999
53.093029, 97.89395000000002, 18.204999
53.286685, 100.52609999999993, 26.483333
53.169479, 100.66265999999996, 56.786666
53.310127, 99.90790000000004, 20.17119
53.676612, 101.18713000000008, 33.077728
33.068592, 100.47481999999997, 10.255833
53.29446, 99.52679000000006, 27.066667
53.0088, 97.44556, 18.566667
53.215091, 100.51596, 29.356281
52.345989, 97.30816000000004, 32.085784
52.879497, 96.36984000000001, 64.3675
53.229187, 99.56262000000004, 14.601666
52.550354, 100.29367000000002, 23.448333
53.149971, 98.15305000000001, 23.348333
53.286312, 97.29718000000003, 56.341667
53.700508, 99.28744000000006, 17.213333
53.49179, 96.90749999999997, 97.653465
52.936035, 98.31780999999995, 23.381666
53.169788, 97.74529999999993, 31.517051
53.540058, 97.51673, 12.156666
53.319618, 98.73131999999998, 8.626667
53.435192, 97.72556000000003, 17.569999
52.928188, 99.98246, 40.108097
53.327518, 97.57596000000001, 30.076665
53.515255, 99.33569, 66.952919
53.113655, 98.54788000000008, 12.175
53.255008, 98.83843999999999, 39.739048
53.041832, 99.04078000000004, 24.065908
52.896133, 98.04375999999996, 11.176428
53.057834, 96.71634, 29.656665
53.560958, 98.23178000000001, 24.455909
52.831131, 99.62585000000001, 25.833334
53.485157, 99.98293999999999, 25.226211
52.608615, 100.40067000000005, 29.055
53.158973, 98.74319000000003, 22.768333
52.857139, 98.36294999999996, 26.213333
53.180614, 98.21539000000007, 12.965
53.264045, 99.23218000000003, 17.299999
52.845912, 97.46762000000001, 21.638334
52.920192, 99.76952999999997, 29.97738
53.111194, 100.44584000000003, 59.766666
53.115352, 99.00826999999998, 115.17944
53.159061, 97.68657999999999, 37.323333
52.99295, 99.01841000000002, 22.676515
53.111984, 99.24493000000001, 41.212917
52.835918, 97.59189000000003, 30.417856
53.431896, 99.10260000000005, 9.0649995
53.204246, 97.96787000000006, 8.7550001
53.142734, 98.17548000000005, 16.111665
53.592807, 97.80854, 27.049999
53.73566, 98.45583999999997, 30.491666
53.368682, 96.27023000000003, 25.513334
53.475563, 97.48424999999997, 30.681667
53.019805, 98.50716999999997, 24.904047
53.485473, 98.89554000000004, 22.588333
53.264259, 99.43082000000004, 74.708335
52.833629, 100.32562999999999, 20.308332
52.950386, 97.93737999999996, 9.626667
52.800739, 99.06503999999995, 24.075
53.24963, 98.00393999999994, 43.025001
52.995288, 96.56719999999996, 17.996666
53.306682, 98.64334000000002, 28.475
53.305885, 97.40087999999997, 11.053333
53.606533, 98.08130000000006, 22.853332
53.277931, 99.55087000000003, 37.389045
53.366725, 99.24524000000002, 25.974393
53.075443, 98.95718999999997, 52.713333
53.526973, 98.10773000000006, 17.861665
52.848579, 98.08447000000007, 50.541317
52.955406, 98.42319000000003, 35.678333
53.275157, 98.03061000000002, 12.081666
52.628994, 97.95206000000002, 22.848333
52.980068, 97.50787999999994, 34.001968
53.386772, 96.76864, 28.015909
53.458797, 95.68936000000002, 17.008333
52.980804, 99.20861999999994, 23.046428
53.23756, 96.48706000000004, 52.286903
53.412227, 97.38431000000003, 46.961666
53.382118, 97.49353000000002, 32.310001
52.954311, 99.89040999999997, 31.065834
53.407863, 97.16235999999998, 26.188333
52.396621, 99.30086999999997, 30.936666
53.309532, 97.34201000000002, 50.101665
53.355899, 97.28155999999996, 47.051666
52.796917, 99.44451999999995, 58.599903
53.452201, 98.81536999999997, 40.973331
53.276687, 99.41858000000002, 29.698333
53.202915, 96.90283, 55.676666
53.111541, 98.15627999999998, 21.653717
53.089031, 96.95032000000003, 26.735
53.167121, 97.67037999999997, 13.404523
52.907096, 99.21163999999999, 9.6383333
53.361099, 97.14590000000004, 17.415
53.161571, 98.55399000000006, 22.309999
53.707943, 97.97504000000004, 27.50197
52.893852, 97.23253999999997, 25.128334
31.135742, 104.20333999999997, 28.603332
53.172885, 99.36053000000004, 18.399999
53.412338, 97.47775000000001, 23.62
52.882991, 100.11760999999996, 10.323333
53.093582, 97.94933999999995, 33.066188
53.614402, 98.31970000000001, 13.703332
53.626045, 98.00729000000001, 28.975303
53.367115, 96.12262000000004, 11.542499
53.149772, 99.37265000000002, 35.736793
53.527118, 98.88329999999996, 21.909166
37.570159, 100.81676999999996, 30.934999
53.32875, 98.86260999999996, 30.316667
53.505813, 97.93530000000004, 25.924999
53.090057, 98.88061000000005, 27.046667
53.380306, 98.59890999999999, 39.719524
53.1459, 97.06232000000006, 11.181666
53.169525, 99.87930000000006, 50.354999
53.25312, 98.22289999999998, 54.443244
52.744487, 97.22409000000005, 27.266212
53.313152, 97.65661, 71.642143
53.595588, 96.65103000000005, 29.18218
53.402416, 100.25207999999998, 37.685833
52.866691, 98.30565999999999, 17.526428
53.185516, 98.72793999999999, 30.844047
53.465457, 99.42203, 27.718334
53.280536, 98.63317999999998, 23.695833
53.319938, 97.61263999999994, 37.759525
53.436077, 99.13204999999994, 16.583334
53.360698, 97.29692999999997, 67.931663
52.709159, 97.28955000000002, 30.825834
53.494911, 97.15231999999997, 17.148332
52.982799, 97.53048999999999, 16.108333
53.299694, 96.47353999999996, 21.565
53.075443, 99.84012000000001, 18.041191
52.902309, 98.15978999999999, 21.666666
53.192993, 98.47891000000004, 28.513334
53.173191, 97.48574999999994, 27.436515
53.334598, 97.09822999999994, 9.5445241
53.63491, 98.76868000000002, 16.024999
53.256694, 97.45196999999996, 11.253333
53.224723, 284.65151999999995, 29.229999
53.392242, 99.57863999999995, 36.598331
53.189727, 99.31714000000005, 13.449999
53.24786, 98.35118999999997, 65.139526
53.547473, 99.12664000000007, 16.24119
53.202537, 97.77002000000005, 42.469871
53.166038, 98.34072999999995, 14.185833
52.99419, 87.19262999999995, 34.871666
52.918155, 98.13751000000002, 9.0583334
52.983173, 97.97204999999997, 34.286796
53.205295, 97.17432000000002, 19.359241
53.656238, 97.59006, 19.441667
52.94593, 93.73372999999998, 23.498094
53.495018, 101.27182000000005, 27.841667
53.256301, 98.58631000000003, 12.231666
53.346839, 98.32003999999995, 23.641189
53.468528, 99.86144999999999, 36.028331
53.304313, 99.60778999999997, 34.291667
53.530662, 98.90798999999998, 29.305
53.008594, 97.51505000000003, 12.151666
52.788875, 99.87331999999998, 26.723333
52.540527, 99.46379999999999, 8.399167
53.466476, 98.50173999999998, 55.971668
53.507499, 99.15056999999996, 21.846666
53.198341, 97.95035000000007, 13.017726
53.312923, 97.87088, 13.393095
53.215496, 98.59295000000003, 47.905715
53.659027, 96.39106000000004, 77.935699
52.784072, 99.83428999999995, 116.58166
52.971519, 99.02895999999998, 24.330715
53.622478, 95.91522000000003, 15.826666
53.174598, 98.25021000000004, 44.884998
53.239124, 98.85240999999996, 19.898332
53.256938, 98.15259000000003, 11.796667
53.464748, 98.12441999999999, 27.321666
53.47903, 99.70954, 11.388333
53.281707, 95.50673999999998, 12.590714
53.291339, 95.83364999999992, 16.273332
53.001686, 97.50234999999998, 25.623333
53.324802, 100.69899999999996, 12.808333
53.44244, 96.14205999999996, 23.916666
53.525901, 98.02258, 13.725
52.799415, 99.24988000000008, 23.589546
52.975517, 97.83576000000005, 36.186668
53.415161, 99.18872000000005, 13.074999
53.357009, 99.70088999999996, 27.386667
53.05875, 101.99456999999995, 27.944999
53.290023, 97.45740000000006, 24.308332
53.886859, 98.58443999999997, 26.782499
53.405571, 95.89520000000005, 36.111667
53.155654, 98.90630999999996, 46.821666
53.714733, 97.02497, 13.643333
53.233703, 100.30862999999994, 8.7391662
52.983856, 99.18973, 22.503334
53.120636, 99.08539000000002, 24.291666
53.452514, 98.73678999999998, 24.462499
52.998706, 100.58654999999999, 44.25
53.848671, 97.37685999999997, 21.563333
53.235366, 99.38760000000002, 17.686666
53.11449, 98.29342999999994, 36.881668
53.408786, 96.14834000000002, 40.935001
53.211116, 97.63916000000006, 16.92
52.949333, 98.64636000000002, 9.0966663
53.325096, 98.36203, 14.491666
52.908065, 97.45061999999996, 24.033332
53.425682, 99.61465000000004, 36.61
53.194557, 97.63475999999997, 22.584999
53.078254, 97.64077999999995, 12.079999
52.736888, 98.73368000000005, 19.583334
53.277755, 97.86398000000003, 13.111666
53.193889, 97.18965999999995, 36.458332
53.126812, 99.56922000000003, 21.635
53.361091, 99.31272000000007, 24.303333
52.513473, 97.86233000000004, 43.283332
52.904617, 99.22872999999998, 70.188331
52.882267, 97.40073000000001, 30.208334
52.979908, 99.19515999999999, 33.0
52.724845, 98.68164000000002, 18.748333
53.315734, 96.20120000000003, 23.776666
53.080795, 99.13900999999998, 15.723333
53.445674, 96.60898000000003, 28.733333
53.420135, 96.99679999999995, 27.405304
53.456001, 98.26088999999996, 11.965
53.20309, 96.91924999999998, 25.745832
52.845245, 99.61423000000002, 37.54
53.44836, 96.83348999999993, 53.558788
52.646644, 97.95720999999992, 19.863332
53.340805, 99.67504999999994, 78.904167
53.664508, 96.01565000000005, 35.586666
53.165325, 100.33278999999993, 30.421667
53.425838, 97.72736000000003, 101.28666
52.704307, 82.52390000000003, 15.604999
52.990158, 95.34035999999998, 14.819999
53.101562, 97.74194999999997, 24.972499
53.357788, 97.71820000000002, 36.11621
53.28144, 98.61789000000005, 36.188331
53.052734, 99.46554000000003, 17.228332
52.95705, 97.45795000000004, 15.678333
53.097736, 97.52812999999998, 20.638334
53.223583, 97.08028999999999, 21.283332
52.634067, 97.79980999999998, 36.326515
52.766273, 96.56936999999994, 18.875
53.248783, 95.97003000000001, 40.456665
52.900848, 98.69478999999995, 23.368333
53.292118, 98.01717999999994, 17.569761
53.770717, 96.73996000000005, 23.276666
53.194225, 99.15163999999999, 15.831666
53.062885, 97.72753999999998, 26.451665
52.904262, 99.69155999999998, 10.986666
53.151157, 97.67048, 27.956428
53.281765, 98.95501999999999, 25.905
53.670906, 96.48758000000004, 24.381666
52.828346, 97.98721999999998, 26.348333
53.349758, 98.42478000000006, 19.559761
53.354457, 99.89211999999998, 31.594524
52.913383, 97.10079999999999, 41.27
53.058734, 98.39722, 49.127548
53.418758, 98.41935000000001, 18.966667
53.614849, 95.66613999999998, 33.398334
53.282257, 97.97116, 17.366428
52.424705, 97.40865999999994, 49.306514
53.020134, 96.35176999999993, 39.242382
53.105018, 95.70232999999996, 15.454524
53.01659, 98.71499, 21.055
53.612083, 98.50662000000005, 52.761428
52.997631, 98.05953999999997, 23.323205
53.392437, 98.46163999999999, 25.978332
53.121536, 98.88173999999998, 17.239999
53.091842, 98.76126, 16.968334
53.261669, 98.17898000000008, 13.357856
53.363578, 96.97967, 78.871666
53.246875, 98.90692000000007, 26.59
53.605091, 98.18741, 12.621666
53.346744, 97.12619000000007, 19.612499
53.921196, 99.28478999999999, 8.336667
53.087959, 100.19400000000002, 67.249527
53.203056, 98.70819, 22.873333
53.037494, 97.18926999999996, 14.166667
52.965789, 98.31325999999996, 31.225
53.190979, 98.37833, 9.4933328
52.943924, 98.74765000000002, 54.314998
53.617206, 99.94232, 47.085784
53.545654, 98.89031999999997, 25.975
52.90319, 96.60553000000004, 22.566667
53.732646, 98.68685999999997, 8.4833335
52.619728, 97.35225999999994, 31.423334
19.629661, 103.70352000000003, 35.872501
52.850444, 99.94713999999999, 60.674762
52.929336, 98.82524999999998, 60.661472
53.348503, 100.75076999999999, 50.813938
53.298839, 99.42015999999995, 32.081665
53.395137, 97.04459000000003, 26.329999
52.988887, 97.47723000000002, 19.1525
53.168418, 99.37873000000002, 44.77
53.340152, 100.05248999999992, 17.181667
53.212841, 96.65039000000002, 16.706666
52.936054, 97.6814, 25.499584
52.523166, 97.70150999999998, 8.1949996
52.76538, 97.38632000000001, 17.736665
53.424472, 97.21413999999999, 15.729167
53.602199, 95.10660000000001, 22.281154
53.728118, 96.42126000000002, 17.596666
53.462116, 99.66669000000002, 31.445303
53.31874, 98.20834000000002, 42.154998
53.21986, 99.80194000000006, 19.059545
53.302703, 99.58111000000002, 9.2173805
52.929252, 99.78470000000004, 20.524393
53.337863, 96.27515, 22.738332
53.184864, 99.35106999999999, 30.736665
52.928382, 99.03741000000002, 15.588333
53.391048, 98.14766999999995, 10.738333
52.957099, 98.43939, 46.145
53.253944, 99.11701, 28.476667
53.029335, 97.02594000000005, 42.685512
53.177726, 98.74508000000003, 16.498333
52.872745, 99.98780000000005, 31.479118
53.109802, 98.2919, 67.234764
52.631668, 99.11533000000003, 42.222179
52.926803, 97.87863999999996, 30.889165
53.541099, 98.12819999999999, 33.435833
52.688854, 99.15979000000004, 32.365001
53.509857, 97.48840000000007, 18.736665
53.043533, 97.91275000000002, 14.284999
53.794929, 98.80033000000003, 17.364522
53.948337, 99.34186, 10.167857
53.025756, 97.58792999999997, 17.753334
53.591224, 98.81789999999995, 20.319999
53.251209, 96.81473, 9.1345233
52.850116, 97.12352999999996, 19.628334
53.384056, 97.66910000000001, 10.534999
53.390647, 98.65073000000007, 96.958511
52.9477, 98.81725999999998, 63.630386
53.05458, 96.89986999999996, 20.11119
53.256675, 96.89141999999993, 35.575
53.802173, 98.29572000000002, 19.811666
52.610218, 97.47998000000007, 13.237381
51.911155, 97.85797000000002, 11.891666
53.10144, 98.95227, 16.761667
53.127986, 99.10019, 18.003334
52.851654, 101.67430999999993, 19.629999
53.117561, 98.99097000000006, 35.961059
53.386238, 96.37616000000003, 34.958332
53.130764, 100.15280000000001, 15.614999
22.293827, -69.02197999999999, 47.166667
52.921558, 98.54757999999998, 16.969165
53.396072, 97.71640000000002, 53.513332
53.33773, 99.90710000000001, 19.377857
53.414211, 98.22350999999998, 69.212913
53.476623, 97.22433000000007, 10.244999
53.238201, 99.97857000000005, 35.481666
53.675537, 97.97833000000003, 12.779999
53.312545, 99.17608999999999, 15.984999
52.994686, 99.86478, 13.083333
53.550899, 97.14368000000002, 17.386428
22.181495, 104.75130999999999, 13.333333
53.25513, 97.44178, 19.926666
53.399913, 97.02071999999993, 33.099998
53.402095, 99.57500999999996, 56.041153
52.646801, 98.72672, 19.389999
53.076801, 100.09478999999999, 54.224998
52.67403, 97.42295000000001, 9.1966667
53.129489, 98.65911000000006, 43.77
53.193092, 97.83887000000004, 40.467052
53.132217, 100.30234000000002, 29.51119
52.936286, 96.74982, 18.973333
53.120651, 100.34839000000005, 20.203332
53.808044, 95.69593000000003, 16.971666
53.509029, 99.80024000000003, 60.757549
53.61248, 97.94720000000001, 22.226429
53.653873, 98.65411, 44.243331
53.345905, 98.02564000000001, 27.536249
53.327781, 98.47814999999997, 18.134048
52.741924, 99.32543000000004, 17.778333
53.537605, 97.95501999999999, 17.643095
52.947677, 98.01843000000002, 10.029762
53.354442, 97.14065999999997, 17.963094
53.699905, 98.54935000000006, 8.545
53.481868, 98.05791999999997, 47.698093
53.203666, 99.61603000000002, 24.585908
53.324482, 97.98627000000005, 29.694473
53.218982, 97.17935000000006, 35.66238
52.662151, 97.71575999999999, 48.544998
53.299224, 98.20349000000004, 23.741666
53.169487, 96.97301999999996, 18.700714
53.239929, 100.08168999999998, 28.811666
52.744289, 98.76346000000001, 23.379999
53.264453, 99.75077000000005, 14.96
53.316444, 97.53557999999998, 15.616666
53.129455, 99.72994999999997, 48.844047
53.069595, 97.95826, 37.514045
53.775096, 98.58417000000003, 32.108333
53.188095, 98.14352000000002, 17.601667
53.043922, 97.37658000000005, 27.306428
53.198303, 97.68066999999996, 35.188331
53.415077, 97.41519, 64.789695
53.192588, 97.12887, 31.808332
53.227642, 99.21307999999999, 23.256666
52.713424, 97.51354999999995, 21.961153
53.510688, 98.28629000000001, 29.69
53.14529, 99.48816, 59.384998
53.499309, 98.49673999999999, 50.876903
53.151771, 99.81100999999995, 30.786666
53.140384, 96.68823000000003, 18.903333
54.166759, 98.74191000000002, 12.221666
53.209316, 98.36099000000002, 13.675833
52.738513, 98.37243999999998, 18.555
52.945808, 95.69995000000006, 13.17
53.485282, 98.42901999999992, 26.671667
53.051109, 98.72995000000003, 18.95
53.367794, 99.26793999999995, 13.094523
53.22224, 100.32721000000004, 85.248336
53.533611, 96.29571999999996, 13.793333
53.495231, 98.29619999999994, 19.546667
52.941146, 97.23865000000006, 23.098333
53.206813, 100.72152, 16.909166
53.11597, 101.26369999999997, 29.176666
53.117836, 98.68628000000001, 27.093334
52.725269, 101.69588999999996, 15.641666
53.08147, 97.66356999999999, 13.681666
53.196479, 98.46414000000004, 15.8225
52.962776, 99.86926, 16.459762
53.144493, 100.62196999999998, 25.518333
53.3586, 97.80498999999998, 17.418333
52.800781, 100.14206000000001, 16.929166
53.298522, 97.61416000000003, 36.52
53.679565, 99.17227000000003, 20.51119
53.088245, 83.24577999999997, 15.033333
28.693834, 104.52010999999993, 31.298725
53.048294, 96.39492999999999, 28.538333
53.245304, 97.99471999999997, 31.141666
53.43473, 98.92539, 13.826428
53.643215, 98.37596999999994, 17.857381
52.819538, 97.78107, 14.729999
53.457817, 100.51792000000006, 27.836666
53.432132, 97.63342000000006, 28.589546
53.496273, 98.09937000000008, 20.745
52.754409, 96.77292000000006, 44.256668
52.667381, 101.36038000000002, 20.24197
52.712547, 98.97140999999999, 37.395
53.128894, 98.74080999999995, 17.781665
53.048309, 97.88245, 22.028333
52.988582, 98.83596999999997, 37.418335
53.394172, 97.36490000000003, 17.151666
52.807903, 98.81896999999998, 11.573333