#p577.txt, PH, ToF, MCP PH
16.702653, 106.07833000000005, 14.42
16.736965, 108.61892999999998, 21.274999
17.114034, 104.38922000000002, 61.59288
16.996484, 106.53410999999994, 15.283333
16.950149, 102.10167999999993, 16.351667
17.121355, 103.72675000000004, 32.376667
17.034662, 103.32034000000004, 53.313716
16.352008, 106.91008999999997, 64.146667
17.094171, 102.61737, 16.792179
16.92807, 103.74493000000001, 96.794998
16.386337, 101.97994999999997, 45.451667
17.075899, 106.30480999999997, 17.604999
17.233123, 108.03630999999996, 34.289165
33.827835, 100.06835999999998, 40.880001
34.055835, 102.48572000000001, 59.850883
16.305873, 107.59680000000003, 58.893333
16.705778, 116.84396000000004, 29.359762
16.724744, 107.09823999999998, 28.186428
17.043977, 106.49865, 69.243331
16.717584, 103.67782999999997, 45.158332
17.063753, 111.78625000000005, 27.229999
16.822921, 108.71975999999995, 19.351667
16.714954, 105.74540000000007, 26.936666
17.040391, 100.53041999999999, 58.666667
16.675796, 114.20050000000003, 41.279998
16.799856, 106.21404999999999, 47.933334
16.629022, 102.75216, 40.505001
16.43831, 111.83411000000007, 31.955909
16.742452, 100.54181000000005, 27.843334
16.835388, 102.38687000000004, 64.311088
16.752355, 99.46065999999996, 80.501663
17.286851, 100.75558999999998, 16.75
16.761945, 107.28933999999998, 9.4633331
17.007785, 105.65631000000002, 26.8325
16.920246, 95.90691999999996, 18.151666
34.430965, 104.01566000000003, 32.508846
17.514375, 103.06006000000008, 43.674999
16.81262, 99.90533000000005, 9.3800001
17.002067, 105.91516999999999, 27.203094
16.868413, 103.23123000000004, 25.826665
16.807146, 113.94669000000005, 27.317857
16.995878, 101.88785000000007, 86.686111
16.621622, 98.90720000000005, 38.041427
16.979578, 103.44648000000001, 36.227382
17.02419, 105.29264000000006, 20.331666
15.694224, 111.06806000000006, 34.238334
34.063972, 105.63583999999997, 19.450714
17.097339, 104.88405999999998, 39.373333
16.911129, 104.78095000000002, 40.151668
16.558948, 111.28851000000003, 27.354999
16.744016, 109.03357, 10.201666
16.658315, 107.15055000000001, 81.236663
16.461385, 110.39554000000004, 35.968334
16.646585, 103.69223000000005, 9.5083332
17.052524, 102.06899999999996, 33.563331
16.577421, 104.33801000000005, 34.990001
17.161418, 103.10269000000005, 10.318333
17.136941, 115.41123000000005, 8.9383335
17.012847, 104.57236, 20.286666
17.093, 102.25278000000003, 47.965908
16.568643, 105.26461, 14.229999
16.470495, 107.32744999999994, 23.965
17.094602, 112.43640000000005, 31.461275
16.657465, 107.80636999999996, 16.987381
17.353508, 104.89492999999999, 46.546665
17.266876, 105.76891999999998, 12.359999
16.536659, 108.06624999999997, 33.240001
16.73941, 102.42093, 40.935001
16.634922, 109.66375999999997, 31.356666
16.581497, 109.33332000000001, 29.639848
17.066721, 109.96813999999995, 29.68
16.772195, 101.53570000000002, 71.581665
17.221757, 111.57680999999997, 25.004047
16.764886, 101.97299999999996, 49.261665
16.785873, 105.73480000000006, 22.01
16.67786, 102.19237999999996, 84.34333
16.898685, 109.37032999999997, 37.712501
16.89265, 104.95177999999999, 38.27
33.843082, 102.09691999999995, 66.68
17.039707, 110.48982999999993, 16.895
16.301265, 106.19836999999995, 15.279999
17.195791, 97.32367000000005, 9.7859087
17.098524, 108.54879999999997, 10.403333
33.353542, 103.00342, 82.341667
16.52021, 101.49240999999995, 19.641666
16.522499, 114.48819000000003, 57.159999
16.777898, 105.36224000000004, 102.61
17.231393, 103.61071999999996, 15.816666
16.645006, 101.36647999999997, 66.618331
16.93333, 110.44772999999992, 31.552499
17.122818, 103.76122999999995, 66.114997
16.688377, 111.24372000000005, 26.621666
16.668247, 111.71227999999996, 35.52705
17.353349, 107.19955000000004, 29.471666
16.732124, 105.77483999999998, 17.696666
33.932304, 102.24265000000003, 35.016666
17.276779, 100.89005000000003, 86.762146
16.706525, 109.79028999999997, 72.352142
16.322341, 106.10897999999997, 24.651666
16.636663, 103.14214999999996, 47.979999
16.844068, 100.26139000000006, 22.79
16.744192, 112.95775999999995, 40.325878
17.101762, 108.53314000000006, 25.496429
17.032825, 107.05075, 40.406539
16.800167, 104.1723, 40.255001
17.008113, 110.09713999999997, 57.651275
16.409174, 102.59467000000001, 86.348335
16.855152, 104.48629999999997, 30.078332
16.63875, 105.19060999999999, 131.54545
16.716178, 107.85579999999999, 27.626667
17.056129, 107.34368999999992, 39.009761
16.878873, 106.58561000000003, 16.370714
17.16842, 110.99198000000001, 41.816665
16.565544, 111.19708000000003, 32.025001
16.303434, 114.60544000000004, 42.828334
16.790805, 103.33028999999993, 50.169998
16.919233, 104.50495000000001, 82.386665
31.191986, 105.22791000000001, 102.02384
16.641181, 105.97191999999995, 33.095001
34.334327, 102.64456000000001, 21.701665
33.747325, 104.94266000000005, 23.834047
17.3915, 106.84683999999999, 8.1850004
16.833591, 105.59713999999997, 13.27
17.463336, 109.24569000000002, 48.916538
16.995393, 103.11090000000002, 10.06
17.056652, 106.67495000000002, 78.778335
16.8528, 105.72653000000003, 14.024523
16.416366, 103.08688000000006, 38.477726
16.778596, 97.63245, 57.968334
16.871133, 108.25927000000001, 26.731666
17.064012, 101.59555, 53.599582
17.035665, 105.27369000000004, 28.368333
16.825498, 102.56835999999993, 79.449699
16.997509, 108.43988000000002, 14.076666
17.156662, 104.07922000000002, 12.093094
16.839445, 101.66006000000004, 17.498333
16.307107, 109.68621999999999, 12.296667
16.83023, 108.27924000000002, 43.400001
16.79429, 98.72023999999999, 36.689998
16.815647, 100.95386000000002, 17.737857
16.586999, 102.34109999999998, 20.226667
16.692464, 99.21013999999997, 19.155
17.012811, 105.98187000000001, 38.956665
17.229736, 106.75682999999998, 16.755832
16.921262, 110.89966000000004, 19.273332
16.69004, 115.36329, 30.531665
16.781057, 105.23022000000003, 57.929523
16.913927, 110.72397000000001, 47.537548
16.990512, 107.23664000000002, 18.446666
17.049751, 102.32837000000006, 37.076667
16.572837, 107.64391999999998, 20.79
17.109987, 105.66837000000004, 19.928333
16.584114, 107.73954000000003, 21.899999
17.558475, 102.31991, 31.183332
17.076475, 109.81351000000001, 43.479999
16.812187, 106.89013999999997, 53.637805
16.952484, 108.19693000000001, 19.534999
16.817802, 100.31454000000002, 15.496666
16.877004, 97.60811999999999, 35.041667
16.697698, 112.75165000000004, 15.623333
16.948886, 106.98470999999995, 89.604789
16.874954, 103.57589000000002, 61.819545
16.544368, 100.84078999999997, 72.085952
17.043989, 105.91836, 53.080001
16.893135, 105.04154000000005, 25.651666
16.336248, 106.08767999999998, 111.98583
17.099418, 106.75882000000007, 40.402877
17.103603, 109.07764000000003, 38.462501
16.944839, 110.55356, 9.0258331
34.140525, 103.74809999999997, 146.27984
16.816581, 107.48846999999995, 35.972721
16.799886, 108.25043, 16.848333
16.746862, 111.95473999999996, 32.432498
16.829513, 101.31049000000002, 60.759998
16.909111, 108.58873999999997, 18.129999
17.075212, 103.95682, 45.843334
17.120206, 100.11876999999998, 43.773181
16.929031, 104.86809999999997, 19.729999
17.201234, 105.20657, 25.774999
33.26398, 103.50052000000005, 40.84
16.834098, 101.55111999999997, 8.1133337
16.831953, 106.82077000000004, 126.4664
16.483724, 105.87274000000002, 8.3083334
17.118162, 109.46548999999999, 22.448333
16.806676, 109.05428999999998, 21.226667
16.788383, 102.33216000000004, 54.395954
16.722349, 103.94843000000003, 73.90303
16.450294, 103.06466, 23.625
17.545721, 106.42322000000001, 38.918335
16.139862, 106.06347000000005, 25.92
17.047964, 105.42458999999997, 71.832778
16.881414, 103.03778, 20.42
16.97533, 102.18310999999994, 32.721668
16.497106, 99.49039000000005, 35.639999
16.942554, 105.52987999999999, 51.076667
16.907733, 102.85492000000005, 97.376579
16.921917, 108.39848999999998, 19.836666
16.862871, 106.73782, 84.576797
17.19322, 104.19569999999999, 38.119998
17.341672, 106.35714000000002, 36.692855
17.009437, 104.11301000000003, 50.012577
16.920824, 106.05142000000001, 55.814762
16.767194, 100.36029000000008, 33.943332
16.919023, 103.30539000000005, 22.396667
16.546972, 103.91541000000001, 9.043333
16.899568, 108.80874999999997, 31.256666
16.932888, 92.89922999999999, 29.846666
16.747928, 97.85995000000003, 21.444522
16.739709, 109.84844999999996, 27.320715
17.140928, 102.59295000000003, 42.68346
16.602306, 104.59576000000004, 57.740264
17.082918, 107.86870999999996, 25.156429
16.925254, 99.80248999999992, 133.95916
17.107381, 105.51418999999999, 10.734999
16.339395, 109.94616000000002, 52.773334
16.923412, 105.63153, 17.521667
33.674366, 101.31029999999998, 19.184999
16.810499, 105.53154999999998, 58.792381
16.837314, 88.85913000000005, 25.473333
16.534803, 104.07828, 26.36
16.549062, 96.47744999999998, 23.608333
16.82057, 104.20504, 38.961666
31.751205, 105.89801, 35.876667
16.856086, 102.32740000000001, 23.399166
16.318079, 110.96041999999994, 47.476665
17.029733, 104.45531999999997, 61.503334
16.73693, 107.75788, 33.511665
16.770498, 106.13234999999997, 52.388332
16.745315, 106.70910999999995, 32.756668
16.889854, 107.37335000000002, 20.425832
16.972904, 110.27627000000001, 65.26667
34.5723, 105.88443000000007, 12.863333
16.224956, 102.58618000000001, 32.263332
17.166374, 106.70777000000004, 13.097857
33.082553, 103.64488999999998, 74.265701
16.704267, 106.09761999999995, 60.729999
16.92003, 97.86620999999997, 65.565956
16.536569, 100.19720000000007, 12.055
16.786586, 105.04593, 18.27
16.861547, 100.23202000000003, 66.019874
16.613699, 106.66556000000003, 23.923334
17.137603, 110.33766999999995, 23.008333
16.766164, 111.54743000000002, 25.319999
16.450883, 113.83035000000001, 25.934047
16.634441, 106.90472, 31.931667
17.083173, 106.33523000000002, 37.38705
16.845581, 101.68695000000002, 8.2833337
16.646341, 107.12992000000003, 19.551666
16.449184, 113.81795999999997, 17.354999
17.144105, 104.87207000000001, 18.327858
16.737447, 107.15279999999996, 68.336669
16.949783, 100.9787, 25.341667
17.078392, 103.10901000000001, 60.136665
33.783111, 104.41977000000003, 27.976667
16.844715, 105.45116999999999, 9.6666669
16.920728, 105.11836999999997, 62.472896
17.312303, 108.75497000000007, 31.199762
16.864742, 104.41385000000002, 38.549999
16.890451, 102.88711999999998, 36.016666
16.40508, 108.75229000000002, 40.455001
35.035179, 103.11652000000004, 44.201667
16.966224, 103.22121999999996, 30.530714
16.891841, 110.51122999999995, 39.373333
16.956979, 103.97809000000001, 11.828332
33.654434, 107.75375000000003, 19.363332
16.957563, 98.38351000000006, 28.366666
17.122169, 105.78511999999995, 22.518333
17.380222, 101.59457000000003, 29.601667
16.995939, 105.85559, 36.568332
17.09272, 104.16515999999996, 17.559848
16.712932, 106.41641999999996, 49.013332
16.968391, 100.54557, 32.009998
17.417583, 105.56436000000002, 59.236667
16.775804, 101.24994000000004, 74.04
16.680295, 101.04212000000001, 38.036666
16.475233, 111.29498000000001, 57.812915
16.662466, 102.20056, 10.9825
16.915985, 108.12636999999995, 21.153333
16.730184, 109.79614000000004, 51.749584
16.822547, 105.05081000000001, 23.084999
17.171808, 106.23653999999999, 31.192575
16.736078, 105.88400000000001, 22.004999
16.891092, 105.12180000000001, 90.921669
16.565269, 111.51132000000007, 20.185833
16.97657, 99.00799999999998, 27.375
17.070777, 108.30971999999997, 21.43
16.808103, 109.05783000000002, 25.519166
16.908819, 103.88006999999999, 28.616666
16.780742, 106.82749000000007, 15.301666
16.912832, 105.71417000000002, 11.681666
16.66279, 104.95337000000006, 21.618333
16.955375, 103.46829999999994, 30.013462
16.446992, 111.30722000000003, 13.508333
16.899179, 99.45730999999995, 55.273334
16.733089, 112.06775000000005, 26.316667
16.548774, 103.61358999999999, 39.029998
17.26231, 103.11322000000007, 51.072391
16.653871, 102.68792999999994, 25.84106
17.020769, 112.69425000000007, 120.76596
17.103399, 102.94818999999995, 43.508335
17.249885, 103.65979000000004, 45.101665
16.444564, 100.22442999999998, 28.475
16.628149, 112.47057999999998, 23.309999
17.058544, 107.85401000000002, 21.129999
16.991489, 108.05270000000007, 24.024999
17.374744, 103.43121000000002, 55.211666
17.400402, 105.87726000000004, 26.366666
16.547758, 102.98122999999998, 50.546211
17.104507, 106.49419999999998, 19.208334
16.729257, 110.29330999999996, 52.773334
16.11461, 102.48572000000001, 26.704999
17.15166, 105.16167999999999, 31.286666
16.982051, 109.84867000000003, 25.518333
16.567771, 97.37072999999998, 19.087726
16.569145, 101.39803999999998, 28.978332
33.895385, 102.21134, 32.181427
16.932899, 103.99158, 22.56738
17.015165, 103.44637999999998, 16.725
16.785831, 112.68961000000002, 17.111665
16.715324, 102.53271999999998, 39.692501
16.95058, 100.17376000000007, 39.662498
16.819023, 101.60870000000006, 85.136901
16.855665, 99.14331000000004, 64.286567
16.829484, 104.57776000000001, 30.909048
16.963722, 105.47310999999996, 31.245
16.822456, 112.53656000000001, 9.8983335
15.72575, 110.12475, 23.635
17.142667, 103.17971999999997, 81.448791
16.649545, 104.37484999999998, 83.930503
16.53239, 106.14894999999996, 33.406665
16.624668, 107.58513999999997, 9.5464286
16.946189, 105.23590000000002, 13.328332
17.397312, 106.77056999999996, 49.312381
16.660789, 108.34282999999994, 33.426666
16.92361, 107.21249999999998, 222.65167
16.729108, 107.59903000000003, 25.305833
16.726903, 116.75054999999998, 10.339848
16.758495, 108.11855999999995, 28.038333
16.856206, 101.10025000000007, 32.506191
16.86561, 105.35095999999999, 42.131668
16.881523, 104.77958000000007, 30.597381
16.999696, 107.74875000000003, 30.049242
16.979297, 102.15689000000003, 19.608333
16.995775, 117.50415000000004, 9.9516668
16.616041, 110.87750000000005, 29.451665
16.587877, 101.40493999999995, 50.474998
16.852117, 105.05416000000002, 45.814609
16.609373, 107.53240999999997, 20.665
17.104801, 105.57061999999996, 12.033333
32.410965, 102.13410000000005, 11.199999
16.905262, 111.73987, 40.270385
16.709209, 107.22201999999999, 15.398333
16.464977, 110.34127000000001, 39.19318
16.617778, 96.19289999999995, 89.665725
16.932758, 104.24268000000001, 22.301666
17.326919, 107.20980999999995, 30.301666
17.070299, 105.34336000000008, 8.8183336
16.931795, 108.00061000000005, 34.589847
33.194644, 105.48196999999999, 77.285003
16.166317, 113.34741000000002, 12.925
16.698503, 105.51349000000005, 24.034999
16.962354, 96.35381999999998, 8.7216663
17.135637, 101.54172, 12.543333
16.769092, 111.45764000000003, 73.275001
17.176204, 104.08691000000005, 21.951665
17.084617, 101.02588000000003, 61.624607
16.960626, 107.98769999999996, 43.032367
16.726545, 105.87171000000001, 17.065
33.72787, 102.45569, 36.451061
16.623161, 106.98367000000002, 48.246666
17.111043, 103.33019999999993, 19.263334
17.23154, 103.78603999999996, 35.831665
17.311586, 102.76027999999997, 21.597381
17.063379, 108.08913999999999, 21.283332
16.643983, 105.80520999999993, 72.635002
16.756969, 108.16078999999996, 23.216667
16.658041, 107.41176999999999, 37.429241
16.493711, 106.81225999999998, 47.491664
16.673511, 106.17734000000007, 11.425
17.05624, 104.28805999999997, 25.34
16.561714, 110.05242999999996, 27.644523
16.606515, 102.80654999999996, 18.812879
17.073722, 105.93460000000005, 39.348331
34.235958, 102.66016000000002, 97.985
16.363828, 107.74817000000002, 18.783332
34.522991, 102.80962999999997, 22.859167
16.953964, 107.89954, 25.933332
16.751918, 105.11908000000005, 47.269241
17.013816, 108.62234999999998, 39.393333
16.800622, 110.93554999999998, 29.848333
16.819894, 98.32181000000003, 65.682914
17.027259, 101.47534000000002, 33.357856
16.607074, 106.91140999999999, 33.054523
16.675453, 104.04210999999998, 26.924999
17.027952, 108.48528999999996, 84.557754
16.756683, 106.06924999999995, 13.726666
16.639377, 106.66073000000006, 54.130001
17.180807, 110.60967999999997, 11.579999
16.360963, 110.25647000000004, 28.944999
16.87833, 100.94736, 16.379999
16.745449, 102.10320999999999, 33.558845
16.884819, 106.16750999999994, 36.943332
17.475324, 104.40051, 22.769762
17.100902, 108.90070000000003, 89.056663
16.982606, 103.07153999999997, 21.612178
16.983591, 107.59990999999997, 34.136665
16.704628, 106.51901999999995, 51.98476
16.850988, 102.74970000000002, 41.346668
16.933486, 106.40747000000005, 56.25
33.813472, 104.85874000000001, 169.84941
17.135721, 101.4375, 19.989761
33.954734, 103.50417999999996, 27.989166
16.966032, 104.89739999999995, 41.569999
16.984592, 108.22226, 27.698724
17.222951, 102.24651999999998, 26.545
16.595586, 106.53112999999996, 32.568332
17.080596, 104.40602999999999, 164.87704
16.643688, 99.42352, 35.901668
17.020288, 109.53433000000007, 28.843334
17.188417, 100.84741000000002, 76.877174
16.775728, 98.53845000000001, 60.465
16.913808, 104.27817000000005, 37.023334
16.874391, 108.34661999999997, 48.576667
16.707496, 102.50583, 45.665
16.465564, 97.29085999999995, 19.678094
16.798757, 102.90172999999999, 20.36
17.09663, 106.93057000000005, 27.468334
17.145162, 100.21103, 21.554048
16.619257, 108.72973000000002, 24.711061
16.878036, 104.64077999999995, 24.985
17.211647, 104.97384999999997, 42.196579
16.654182, 105.83231, 45.889999
17.269052, 109.83496000000002, 11.686666
16.820032, 99.76769999999999, 42.711666
16.861385, 101.34240999999997, 16.59
17.078611, 107.34339, 21.170713
16.754266, 102.44513, 9.0916662
22.483926, -943.20487, 54.723331
17.025777, 101.97037, 30.611665
16.635284, 111.53307999999998, 38.174049
16.983898, 106.33249000000006, 34.973182
17.194433, 104.94366000000008, 87.487503
17.060056, 106.75127999999995, 10.506667
16.720888, 108.22687000000002, 40.81924
17.289264, 100.66359999999992, 56.533332
16.769369, 108.82907000000006, 66.769584
16.532413, 108.96301, 15.870714
16.949796, 104.94042999999999, 47.636665
16.857311, 102.43767999999994, 13.983333
16.636364, 99.13356999999996, 40.351665
16.536184, 108.32028000000003, 19.118333
16.908466, 107.18196999999998, 30.581666
17.170593, 110.57117, 31.032917
17.149745, 110.91622999999998, 65.226669
16.975309, 109.65054000000003, 26.588136
16.648851, 108.06395999999995, 39.605304
16.659999, 105.17783000000003, 42.650001
16.278913, 106.80678999999992, 18.776666
17.371835, 102.15777000000003, 43.651668
16.817466, 100.56442000000004, 42.102916
34.968341, 105.99725000000007, 104.28416
16.858869, 107.39522999999997, 18.135
16.151779, 112.61254000000002, 24.1525
16.842395, 105.07236, 25.476514
17.128507, 106.47246999999999, 31.213333
32.015651, 105.29778999999996, 70.995002
35.176052, 101.19290000000001, 99.488128
17.141569, 104.58237000000003, 13.614999
16.742067, 108.54705999999999, 10.471666
16.929079, 106.28815000000003, 73.309288
16.892942, 99.16955999999993, 16.275833
32.811351, 104.69449000000003, 147.29925
33.694984, 103.16861, 77.20417
16.919586, 101.04601999999994, 23.094047
17.001451, 111.23144000000002, 13.46
16.606651, 103.47471000000007, 25.16119
16.615114, 106.11114999999995, 30.639999
16.788168, 106.28064, 48.334999
16.688848, 105.47070000000002, 22.341667
17.184267, 100.39450000000005, 23.79
16.736055, 102.64127000000002, 19.833334
16.202655, 105.74881000000005, 23.003334
16.875816, 109.52319, 29.67
16.659727, 112.95306000000005, 22.203332
16.914915, 109.70288, 8.4799995
16.619688, 112.37395999999995, 27.991666
16.647434, 114.59671000000003, 22.173334
16.734609, 109.71648999999996, 20.783332
16.694633, 103.08755000000002, 55.911666
16.588396, 101.95785999999993, 9.0249996
16.303039, 99.66323000000006, 20.478332
16.536647, 109.46016999999995, 29.274999
17.204467, 102.32165000000003, 8.247857
17.184782, 106.26935000000003, 11.893333
17.046815, 96.21123999999998, 38.474998
16.7366, 110.67815999999999, 27.114522
16.744609, 103.34604000000007, 17.289762
16.516277, 106.35877000000005, 58.361152
16.965545, 106.97088999999994, 47.481861
17.184919, 105.1182, 112.13311
17.019889, 103.79822000000007, 19.468334
17.466142, 97.65375000000006, 79.991668
17.207298, 103.87795999999997, 44.158332
17.163072, 106.87577000000005, 88.595176
17.469299, 104.02688, 48.379386
16.469272, 108.47189999999995, 47.403331
16.37844, 107.89876999999996, 40.174999
16.786069, 103.21884, 90.332145
16.812866, 104.41498000000001, 74.531669
16.676879, 109.68709999999999, 24.54
16.552602, 105.06936999999999, 11.363333
17.028884, 101.40978999999999, 28.704999
16.660306, 108.98385000000002, 10.245833
17.238618, 107.11850000000004, 87.339698
16.378208, 109.51907999999997, 30.649999
17.444065, 100.3415, 23.311666
16.442247, 104.48834, 15.777727
16.765159, 97.49381, 106.11974
16.986387, 105.16113000000007, 21.398332
16.932943, 107.49564000000004, 26.051666
16.414167, 102.28009000000003, 90.711029
17.092746, 104.78644000000003, 10.121666
16.66267, 102.10750999999993, 26.86
16.914012, 109.39542000000006, 38.546665
33.237476, 102.59954999999997, 32.409999
17.013193, 103.17307000000005, 18.570715
17.349931, 98.19845000000004, 24.479999
16.721689, 105.98861000000005, 17.638334
16.751037, 103.09607, 10.008333
16.988246, 103.31326000000001, 31.329849
17.418502, 107.17845999999997, 65.191665
16.339214, 101.54433999999998, 90.261665
16.56637, 106.52813000000003, 22.421667
34.845195, 104.04482999999993, 35.990001
16.760984, 107.14941999999996, 21.598333
16.628772, 105.61737, 54.808334
16.548788, 102.25668999999999, 8.9611902
16.843971, 105.00515000000007, 62.185001
17.187385, 103.73291000000006, 34.514999
16.896911, 111.03496999999999, 24.54
17.148412, 107.33992999999998, 33.781189
16.678169, 104.30419999999998, 8.3500003
16.883071, 105.38872999999995, 23.468334
17.35231, 98.40283000000005, 70.84333
16.651662, 104.30684999999994, 17.026666
17.465984, 99.22626000000002, 31.456666
16.802471, 108.50317999999999, 8.6366663
17.07691, 109.51116999999999, 44.723331
17.092886, 107.40868999999998, 19.433332
16.975776, 102.76681000000002, 33.686668
17.092037, 107.16456, 16.199167
16.990539, 114.74269999999996, 56.432949
16.66255, 107.42370999999997, 29.366666
17.438331, 100.03375, 21.584999
16.603599, 110.74205999999998, 33.525302
16.67168, 109.81851, 71.250602
16.761343, 107.20381999999995, 27.75
17.343034, 101.69556000000006, 12.683333
17.04733, 104.40695, 15.034999
33.662677, 101.63786999999996, 20.951969
17.095949, 105.20596, 119.52954
16.60242, 103.62987999999996, 68.44905
16.694612, 107.00598000000002, 18.368333
16.940889, 106.58105999999998, 13.029166
17.023223, 104.37578999999994, 88.413238
17.009338, 105.71451000000002, 30.679166
16.076839, 105.77410999999995, 33.189998
16.9587, 108.96471999999994, 34.985
34.17192, 102.23453, 82.674858
16.428323, 107.73020000000002, 63.228332
17.109424, 111.05532999999997, 23.385833
16.868555, 104.53638000000007, 16.904523
16.777166, 97.25183000000004, 26.728332
17.169044, 99.94751000000002, 11.299166
16.774322, 110.09978999999998, 62.886051
16.730213, 99.39024999999998, 106.64333
17.391864, 104.89294000000001, 28.575
17.159814, 112.94076999999999, 50.961666
16.680702, 109.46804999999995, 26.456666
16.541532, 108.03197999999998, 25.536794
16.816089, 109.75977, 23.223333
16.829338, 114.67337000000003, 64.991668
16.760387, 101.28143, 56.256668
16.923471, 100.89285999999993, 15.477857
17.244239, 110.86007000000001, 37.116664
16.439296, 105.73327999999998, 19.431667
16.662099, 103.01107999999994, 21.70619
16.480651, 111.26769999999999, 17.625
16.876007, 107.79262999999997, 75.926193
17.536949, 102.99114999999995, 28.576211
16.957527, 100.71742999999998, 17.975
16.591249, 109.28521, 85.864997
16.626985, 106.01901000000004, 92.018333
17.073116, 97.80686000000003, 81.681663
16.589288, 101.35122999999993, 52.115001
16.736503, 107.44360000000006, 60.314998
16.930246, 103.14632999999998, 25.088333
17.198377, 109.05251999999996, 9.5366668
16.686033, 109.66910000000001, 35.636665
17.025283, 108.09600999999998, 64.171669
16.985605, 106.89556999999996, 41.856212
16.605213, 109.40363000000002, 34.717819
17.067365, 103.12044999999995, 39.52
33.412879, 104.75636999999995, 75.77539
16.449573, 106.18392999999998, 21.261667
17.000358, 108.86437999999998, 10.658333
16.895261, 102.03748000000002, 34.436668
16.2205, 105.13403000000005, 80.438331
16.81628, 103.12964, 8.8716669
16.934047, 106.26843000000002, 29.128334
16.95079, 106.63537000000002, 63.800605
16.806606, 107.94126000000006, 38.826667
16.598911, 111.59796999999998, 31.27
16.910207, 112.73001, 23.531061
17.341779, 97.90462999999994, 18.76
16.885078, 102.50461000000001, 15.448333
16.386194, 108.58530000000002, 47.854999
16.919691, 112.26052000000004, 14.051666
16.859205, 105.83584000000002, 48.941665
16.750986, 109.06490999999994, 22.803333
16.934289, 101.99661000000003, 26.067857
17.437393, 101.88561999999996, 50.673332
17.091901, 102.24530000000004, 65.088096
17.151857, 104.69202000000007, 21.719524
16.307741, 111.41785000000004, 10.594523
17.156095, 106.20369999999997, 11.629761
16.629358, 108.98034999999999, 50.356536
16.62803, 105.98468000000003, 20.603332
16.923736, 108.45587000000006, 13.138333
31.538461, 104.66577000000001, 25.325302
16.476093, 111.9975, 25.628334
17.119855, 109.13686999999999, 50.115001
16.827419, 103.48325, 35.166667
16.857263, 103.34540000000004, 32.919998
16.8071, 102.88364000000001, 59.488334
16.517345, 101.71599999999995, 36.448333
16.772836, 107.85690999999997, 45.352855
17.203163, 100.85415, 56.606666
16.706571, 114.02899999999994, 22.108333
17.334581, 109.30173000000008, 25.996515
16.997995, 104.19253000000003, 10.271666
17.007217, 92.07011999999997, 21.354047
16.739906, 104.13852000000003, 93.401664
16.660812, 112.90103000000005, 15.189999
17.037183, 100.47665999999998, 29.168333
17.205617, 109.21370999999999, 14.558333
16.765932, 111.90682999999996, 45.876796
33.722469, 102.93297999999999, 33.825302
16.633289, 111.97460999999998, 28.305833
17.27732, 101.16277999999994, 31.225
16.50893, 105.84296, 30.116666
16.906076, 110.60333999999995, 8.9966669
17.557569, 104.65915000000001, 14.701666
17.103105, 103.47690000000006, 26.258333
17.282257, 108.08528999999999, 23.45
17.053737, 98.26697000000001, 12.284999
16.846, 110.65567000000004, 41.383335
33.117599, 104.29653999999994, 119.36833
16.982315, 110.18853000000001, 53.584999
17.013158, 106.34526999999997, 17.823333
17.369514, 110.84002999999996, 62.123333
16.804512, 107.23160000000001, 39.654609
16.841461, 104.68978999999996, 49.70853
16.829658, 107.32486000000006, 32.029243
16.689151, 109.34948999999995, 15.279999
16.861614, 114.87587999999994, 19.475
16.768835, 103.17051000000004, 23.870128
17.185283, 100.40639999999996, 28.51
16.613353, 100.16228999999993, 29.782499
16.948701, 107.55313000000001, 13.085
34.379486, 105.08718999999996, 172.60684
16.516862, 109.96435999999994, 48.319698
16.450557, 100.44387999999998, 68.979614
16.8549, 102.72196000000002, 23.541666
16.651113, 105.25199000000003, 84.97647
16.951618, 115.06130999999999, 19.53
16.602056, 104.88706000000002, 15.139166
16.833053, 107.37941999999998, 8.8924999
17.07061, 105.72377999999998, 25.94119
16.701385, 105.71895999999998, 18.454999
16.600338, 107.10635000000002, 34.962501
16.945898, 101.03899999999999, 32.178333
16.858118, 107.14132999999993, 28.409999
16.929792, 101.84888000000001, 16.834999
16.768167, 105.07454999999999, 11.049761
16.787872, 102.05945000000003, 60.951316
16.672565, 106.77893, 60.772144
16.61199, 97.81386999999995, 63.531665
16.736848, 111.26407, 87.28897
16.712566, 107.51434000000006, 29.194999
16.802267, 106.66349000000002, 54.916763
17.045213, 105.39944999999994, 31.901666
34.782157, 100.75951999999995, 54.148334
16.957391, 107.29138, 12.413332
16.357738, 110.83953000000002, 11.289848
16.550676, 111.33365000000003, 27.190128
34.269512, 102.81690000000003, 18.198333
16.553382, 109.81520999999998, 63.012916
16.911071, 104.74196999999998, 42.235
16.997148, 106.60300000000001, 27.66238
17.4347, 104.22701999999998, 27.215
16.499778, 108.30227000000002, 81.703331
17.291475, 108.32283999999993, 12.409999
16.6063, 105.57164999999998, 45.34
17.122026, 106.96897000000001, 34.163333
16.621469, 107.13058999999998, 49.326667
17.014719, 104.37814000000003, 11.729999
17.129343, 110.63222999999994, 34.646213
34.127513, 104.00810999999999, 112.445
16.444812, 103.21076, 59.04
17.186388, 103.60883000000001, 21.5825
16.876457, 104.89367999999996, 40.119998
174.9078, 99.44966999999997, 16.27119
16.736236, 111.59842000000003, 26.123333
16.684867, 105.25387999999998, 31.266666
16.599676, 109.90090999999995, 18.174999
16.692541, 106.72037000000006, 45.653717
17.237173, 105.81063999999998, 34.794998
16.628089, 106.33163000000008, 21.146667
16.999687, 98.85867999999999, 23.854999
17.021068, 104.02933000000002, 13.649167
16.63902, 106.55680000000007, 24.204999
17.276659, 103.07898, 26.979999
16.737056, 100.77609000000001, 49.68
16.517097, 108.39688000000001, 19.416666
17.004749, 110.67257999999998, 56.224998
16.668558, 103.92819999999995, 18.181667
16.933551, 109.19660000000005, 83.449089
16.675682, 109.15850999999998, 39.950882
16.780777, 113.47174000000001, 26.162948
16.945442, 103.30029000000002, 22.415
16.201145, 102.03515000000004, 20.571666
16.836605, 111.07558999999998, 58.416667
16.67374, 94.59922000000006, 26.676666
16.410932, 102.57074000000006, 26.113332
17.457914, 107.32389000000006, 43.096668
17.07224, 110.37384000000003, 22.559761
16.820165, 100.96350000000001, 13.338333
17.101205, 101.608, 29.193332
16.9713, 108.66293000000002, 29.048334
16.972686, 111.93182000000002, 20.171667
16.773042, 105.32492999999994, 30.920385
17.025817, 106.81519000000003, 49.503334
16.826307, 102.30590999999998, 9.0416669
16.807615, 111.27139, 34.75
16.848592, 103.59423999999996, 39.729999
16.747854, 102.0863, 30.786666
16.978601, 110.80417, 8.5333337
16.594322, 107.51400999999998, 43.978847
16.88623, 102.54525000000007, 25.326665
16.688108, 105.80703, 17.281665
33.711551, 104.10936999999996, 14.14
17.06525, 104.16199000000006, 28.538333
16.869415, 102.54930999999999, 8.2816667
17.169235, 105.22250999999994, 24.604999
17.058773, 104.41332999999997, 124.50666
17.408018, 106.94961000000006, 45.220001
16.494407, 113.97762999999998, 29.665
16.576103, 102.25245000000001, 50.204475
16.857633, 102.70324999999997, 17.604486
16.660024, 105.06005999999996, 26.116212
16.601347, 101.56400000000002, 15.828332
16.714962, 103.85935, 20.534999
17.044382, 103.90899999999993, 114.07785
16.731035, 108.97951999999998, 97.592781
16.931432, 108.36059, 15.525833
17.076553, 111.18714, 10.086667
33.752243, 102.81634000000003, 131.77082
16.993438, 105.58112000000006, 31.113718
17.089416, 103.23849000000001, 24.968334
17.737161, 105.35232000000002, 12.419761
17.313955, 105.33010999999993, 17.703332
33.863719, 102.70181000000002, 126.97618
17.322519, 103.16748000000001, 26.111665
16.825555, 106.51221000000004, 29.186666
17.05306, 100.40323000000001, 32.316429
16.918506, 108.03131999999994, 33.458095
17.289823, 111.95778999999993, 29.028333
16.381519, 110.51889, 47.479583
16.976532, 106.01767000000001, 8.5399999
16.543966, 103.79320999999993, 22.03
32.99533, 103.64945000000006, 81.642776
17.326, 104.64135999999996, 13.915
16.780614, 98.23416000000003, 21.61119
16.685663, 104.75899999999996, 24.829999
16.567762, 103.21942000000001, 29.813333
17.017005, 106.38695999999993, 15.625
16.854955, 106.16985999999997, 61.402389
16.926763, 108.0238, 23.711666
17.371141, 99.89670000000001, 14.968333
16.760765, 105.79989999999998, 18.888334
16.879814, 106.19281000000001, 50.576763
17.129688, 100.67614999999995, 80.186668
17.345287, 100.60096000000004, 37.154998
16.289066, 104.80749000000003, 56.531272
16.971582, 105.81182999999999, 18.528333
16.675199, 103.38018999999997, 43.325
31.64509, 103.97873000000004, 58.816665
16.841596, 103.93430000000006, 14.721666
17.089538, 101.49332000000004, 18.3125
16.788353, 106.17235999999997, 50.173332
16.944551, 104.44784000000004, 10.596666
16.867498, 110.02283000000006, 16.853332
16.597641, 104.72055, 26.829761
16.61993, 100.87299000000007, 16.897857
17.028568, 105.64358999999996, 18.856666
17.141355, 108.41051999999996, 30.713094
33.167846, 102.59970000000004, 62.595478
16.575748, 103.83862000000005, 18.236665
16.982498, 103.06389999999993, 31.781665
16.474403, 109.34301999999997, 47.70346
16.473192, 109.36545000000001, 11.148333
17.405754, 108.53695999999997, 18.764047
16.840524, 106.06430000000006, 40.821666
16.546197, 102.42891999999995, 16.195833
16.905454, 109.54311999999999, 34.150383
17.010574, 106.45388999999994, 8.503333
16.588207, 108.43475999999998, 50.519546
17.112922, 105.17013000000003, 20.204523
17.124534, 104.18282999999997, 32.958332
16.266162, 106.47655999999995, 21.754999
17.077716, 106.77148000000005, 16.853332
16.809307, 100.09780999999998, 13.533333
16.816707, 106.00725999999997, 29.795
16.977287, 105.34229000000005, 67.944999
16.953472, 102.90367999999995, 14.354999
17.010122, 104.09782999999993, 71.889999
16.709535, 105.04885999999999, 26.378334
16.392175, 112.89526000000001, 51.448093
16.629142, 109.06677000000002, 23.052179
16.570823, 106.15606999999994, 20.612499
17.174013, 101.73208999999997, 26.746666
16.828887, 105.94472999999994, 40.0
16.810003, 105.71453999999994, 21.301191
16.961513, 105.65425999999997, 13.665
17.041248, 106.30956999999995, 34.705001
16.853799, 107.29046999999997, 14.413332
16.705701, 105.97793999999993, 11.265
16.575834, 106.97747000000004, 12.851666
16.851495, 101.36120000000005, 30.145
16.522363, 102.77434999999997, 42.895
16.885671, 103.10596000000004, 24.346666
32.956012, 104.38568000000004, 36.055
17.217281, 105.97314000000006, 101.99309
17.168132, 106.86026000000004, 25.813333
16.797111, 102.57889, 32.189849
17.019437, 109.55352000000005, 79.267364
17.488014, 103.09594999999996, 8.7200002
16.511579, 109.12924999999996, 30.890714
17.208656, 104.93401999999998, 18.966667
16.814865, 103.81612999999999, 11.093094
17.196514, 107.95474000000007, 26.963333
16.751644, 98.36989999999997, 10.318333
16.751756, 105.49564000000004, 8.628333
17.054477, 95.77837999999997, 17.033332
16.353797, 100.90631000000002, 97.123336
16.68256, 108.23742999999996, 66.153335
16.474567, 107.76207999999997, 42.171665
16.957277, 104.48288000000002, 16.471191
17.067743, 101.39191000000005, 28.858333
16.804971, 106.30090000000001, 38.962856
16.884092, 104.21013999999997, 22.495
16.687213, 112.41156000000001, 14.061666
17.002288, 104.70685000000003, 69.598136
16.820751, 106.36863, 15.533333
16.248622, 109.85589999999996, 11.961667
16.929851, 100.61944000000005, 113.36
16.948791, 107.92984000000007, 50.630001
16.934619, 105.37439, 13.436429
13.618341, 113.73520000000002, 57.961429
16.515583, 107.26229999999998, 66.904998
16.930446, 103.30783000000002, 22.671667
17.084888, 101.99877999999995, 9.7216663
17.194259, 110.15570000000002, 27.795
16.505947, 102.60746, 25.078332
17.115507, 101.13467000000003, 42.555
17.040357, 108.13130999999993, 56.022949
17.339218, 103.10394000000002, 16.594999
16.946779, 103.70592999999997, 23.583334
16.725044, 100.9137, 12.181666
16.818018, 105.49651999999998, 26.513334
16.984037, 108.08977999999996, 34.838333
16.510107, 107.04931999999997, 19.215
16.333385, 104.72094999999996, 24.016666
17.01021, 108.10281000000003, 43.926666
17.025777, 107.51432, 23.494047
17.172264, 109.06528000000003, 61.486667
16.836319, 101.50452000000007, 40.88343
17.131614, 104.50704999999999, 29.607381
16.608907, 104.64708999999993, 51.628334
17.082872, 107.49831999999998, 24.283332
16.907293, 109.15944999999994, 17.543333
17.058094, 103.20251999999999, 52.738334
17.131877, 106.16723999999994, 62.620254
16.685325, 108.41783999999996, 28.604999
17.674581, 105.57788999999997, 39.956249
17.102697, 108.92419000000001, 36.310001
16.72797, 110.59342000000004, 20.754999
16.690912, 105.33486999999997, 17.608333
17.082778, 108.20004, 34.955001
16.829835, 102.93881000000005, 36.229999
16.57304, 104.62057999999996, 10.56
17.0734, 104.45987000000002, 26.578332
16.586931, 110.39132000000001, 33.843334
16.803909, 104.23305999999997, 34.314998
16.732818, 104.59854000000001, 27.021667
16.759498, 112.85965000000004, 20.52119
16.62318, 107.01401000000004, 13.845
16.609821, 112.19598000000002, 20.489999
34.013454, 102.87204000000003, 83.703331
16.551277, 107.62185, 37.796665
17.315183, 104.32696999999996, 53.011665
16.781374, 104.16572000000002, 30.415
17.148691, 102.33336999999995, 34.273334
17.059652, 106.17104999999992, 22.87
16.746582, 107.20031999999998, 27.5
16.439121, 107.75914999999998, 16.448333
16.698944, 104.25805999999994, 66.331863
17.145933, 107.85787999999997, 47.491664
16.779478, 106.40042999999997, 19.646667
16.820482, 106.26898, 44.405304
16.553728, 101.99849999999998, 11.564999
16.886949, 103.48505, 21.6
16.492687, 108.33270000000005, 15.938333
17.199916, 99.69598999999994, 21.656665
16.778575, 109.51062000000002, 25.723333
16.823095, 108.56137000000007, 19.811666
17.019674, 110.26571999999999, 14.271666
16.864284, 105.03562000000005, 17.3125
34.56039, 103.18466000000001, 46.653461
16.83756, 109.51959, 30.638334
16.880188, 104.60666000000003, 21.028333
16.929334, 100.64654999999999, 29.139165
16.770017, 103.84676999999994, 40.601665
16.748733, 100.09288999999995, 45.693332
16.438301, 108.41301999999996, 29.006666
17.285085, 107.57710999999995, 16.906665
16.660934, 101.70395000000002, 25.806667
17.34527, 103.15185999999994, 24.066429
16.823917, 104.98325, 34.101665
17.333833, 100.85515999999996, 46.944999
17.011501, 109.35794000000004, 75.302917
16.927215, 100.13878999999997, 17.19
16.840259, 108.45525999999995, 26.065
16.75757, 97.40637000000004, 28.738332
17.02349, 112.46587999999997, 26.471666
16.556032, 106.82184000000001, 39.591274
16.632103, 110.58448000000004, 29.189872
16.951988, 108.40900000000005, 12.641666
17.016367, 100.37109000000004, 41.807819
16.738502, 102.40057999999999, 13.51
16.732233, 107.96026, 30.023332
17.091474, 105.99545000000006, 17.186515
16.851556, 100.65451999999999, 15.728846
16.772703, 101.48190000000005, 29.533332
16.554504, 105.32199000000003, 20.955833
16.954511, 107.89115000000004, 28.483095
16.900503, 100.92652000000004, 16.466667
17.05713, 106.12833000000006, 15.134487
17.16138, 95.82983000000007, 34.565391
16.897726, 107.47568000000001, 22.958334
16.420475, 106.60768999999999, 25.006666
16.99492, 100.96065999999996, 38.221668
16.796297, 107.01412999999997, 22.448333
16.817247, 100.16808999999995, 19.905834
17.246944, 109.57093000000003, 52.506668
16.37647, 109.76645000000002, 43.614761
16.845438, 103.69824000000006, 46.143333
17.279623, 102.83938, 32.331665
17.547512, 106.75583, 28.703332
16.34279, 110.19137, 46.029998
16.630853, 107.73215000000005, 46.33625
16.301754, 102.17879999999997, 17.042879
17.161504, 104.35461999999995, 11.802576
16.660667, 106.14636000000002, 11.468333
33.458023, 101.95644999999996, 50.276668
17.040998, 98.33803999999998, 32.75
17.062418, 105.16882999999996, 29.576429
16.617149, 99.46798000000007, 21.36
16.890279, 105.53985999999998, 42.248333
16.816131, 109.33971999999994, 27.843334
16.579069, 108.93875000000003, 12.526666
16.536792, 106.62457, 20.946666
17.141323, 104.92194, 125.95944
16.835308, 104.54003999999998, 60.051666
16.469883, 108.71710000000002, 10.988333
33.765903, 100.76510999999999, 9.6591663
16.579036, 102.83648000000005, 21.181667
17.463644, 98.72919000000002, 12.586667
16.482704, 107.86511000000007, 24.559999
16.946531, 106.26062000000007, 45.575
16.281641, 108.70068000000003, 9.6933336
16.755743, 105.25417999999996, 33.080001
16.738939, 102.87128000000001, 12.994999
17.093137, 110.05948000000001, 68.135711
16.856779, 107.38802999999996, 22.34
16.235811, 106.73514000000006, 14.121666
16.930362, 102.64654000000002, 22.659849
16.143732, 104.86746, 18.201665
16.835102, 107.52313000000004, 72.188331
16.671295, 107.86058999999995, 26.565834
16.763649, 102.26995999999997, 30.762878
16.950931, 111.47707999999994, 18.718334
17.097372, 111.47283999999996, 26.52
16.673654, 104.20089999999999, 67.105476
16.963211, 114.70392000000004, 29.626667
16.672576, 105.67995999999994, 24.805
16.69556, 106.08539000000002, 55.108787
17.186071, 102.52551, 64.821662
16.655559, 104.77604000000002, 40.961666
16.706445, 106.89688000000007, 30.642499
16.420711, 111.57654000000002, 14.006667
16.871059, 101.39284999999995, 30.431667
16.867418, 108.50530999999995, 18.748333
17.069253, 106.98642000000001, 30.614999
16.611923, 108.52578999999997, 70.284759
16.909015, 101.23326999999995, 31.593334
16.65048, 110.56783999999999, 27.363332
16.99423, 108.52018000000004, 32.784999
16.323072, 104.40246000000002, 8.835
16.760053, 107.28609999999998, 70.511428
16.996065, 107.73624000000007, 10.338333
16.353714, 105.00897000000003, 25.531665
16.534292, 108.03518000000003, 19.445512
17.21319, 107.86080999999996, 25.934999
16.734678, 104.58679000000006, 11.234999
16.677915, 106.40100000000007, 62.998786
16.678569, 115.60699, 72.518333
16.553125, 108.89480000000003, 61.551273
17.122726, 103.00502999999998, 37.918335
30.961086, 105.95607999999999, 64.819999
16.687017, 110.99548000000004, 20.598333
34.404453, 101.81576000000001, 70.779525
17.092292, 99.05979000000008, 52.404167
16.816072, 108.46791999999999, 11.883333
16.788198, 102.10506999999996, 33.014999
16.563575, 104.53722999999997, 26.236665
16.823993, 107.55990999999995, 29.51
33.548351, 101.00708000000003, 65.504997
16.667099, 113.74738000000002, 14.803333
16.627779, 107.08689000000004, 16.631666
17.070053, 106.26189999999997, 58.919117
16.903205, 103.49552, 20.181667
16.8535, 102.00492000000003, 24.866428
16.437046, 106.05146000000002, 11.561666
16.681957, 108.14510999999999, 10.231666
16.954948, 104.80194, 104.6923
16.673069, 109.14022999999992, 36.338333
34.796054, 104.99521000000004, 112.13833
16.883588, 104.59777000000003, 42.813331
16.555622, 106.37173000000001, 48.328334
16.47105, 114.71588000000003, 27.994047
17.01893, 105.79924999999997, 42.668335
16.552003, 104.46244000000007, 23.153333
16.723053, 102.66970999999995, 12.586667
17.087268, 106.50927999999999, 27.911666
17.206455, 103.70148, 78.995002
16.688709, 104.05066, 40.854999
16.446346, 108.92815999999999, 54.633205
16.45396, 106.96283000000005, 29.83119
16.845075, 103.46132999999998, 11.22119
16.703119, 95.71475000000004, 13.409999
17.228467, 106.15029999999996, 26.078332
17.005834, 110.73974000000004, 9.809762
16.596725, 104.62895999999995, 60.330001
17.229139, 106.20889000000005, 66.245002
16.959495, 107.75360000000006, 37.444522
16.635082, 111.20423000000005, 17.441968
16.536472, 108.95471000000003, 39.671665
17.109111, 108.54627000000005, 15.13
16.880439, 105.35324000000003, 13.436666
33.886455, 104.37978999999996, 28.8325
16.8887, 108.89397999999994, 13.6125
17.060588, 106.89465999999999, 31.871666
16.952861, 102.88500999999997, 31.713333
16.658369, 100.01501999999999, 39.581665
16.971668, 104.42793999999998, 71.73545
17.020132, 108.89958999999999, 15.006667
34.204708, 105.21015000000006, 84.555
34.459205, 106.13479000000001, 22.209167
16.96026, 105.43200999999999, 31.254047
16.471664, 106.11630000000002, 13.248333
16.941589, 106.86446999999998, 77.447502
17.13974, 112.80432000000002, 97.418335
16.932596, 106.92398000000003, 29.451665
16.919103, 105.43401999999998, 23.864522
16.868215, 107.08569000000006, 21.495
17.024841, 103.38382000000001, 56.018787
17.380373, 105.88504, 36.016227
16.918138, 108.75495000000001, 24.571189
16.933298, 103.64721999999995, 32.379047
17.201219, 105.23495000000003, 11.331666
16.957557, 104.87375000000003, 27.643333
16.220808, 112.88211000000007, 10.691666
17.056997, 111.13806, 42.796569
17.22817, 114.93127999999996, 10.891666
16.345258, 107.36177999999995, 26.043333
17.155443, 99.71258000000006, 8.8999996
16.467464, 107.64382999999992, 33.226188
18.962053, 103.44960999999995, 132.3354
16.522022, 105.34643, 75.078331
17.206461, 107.98389000000003, 29.285303
16.903747, 98.57138000000003, 9.1949996
16.793106, 108.04772999999994, 13.22
24.484144, 97.81778000000003, 33.683334
17.097938, 108.22232000000002, 22.534999
16.802433, 97.53766000000002, 27.135833
33.879737, 103.58185000000003, 134.59869
16.445631, 104.11946999999998, 43.366428
16.9398, 99.41757000000001, 21.191667
17.207738, 102.81368999999995, 33.365303
17.011823, 104.0102, 53.09119
17.293054, 107.65848, 54.369583
17.209142, 107.04666000000003, 17.273332
16.641338, 106.11383000000001, 21.76
16.805656, 106.63980000000004, 43.013462
16.729362, 97.14434, 33.663333
17.135685, 107.21405000000004, 10.081666
17.128665, 106.62695000000002, 54.838333
17.06948, 108.22073, 28.697856
16.783453, 107.34490999999997, 53.525001
16.638259, 104.98675999999995, 32.969242
17.009351, 104.72075999999998, 15.752575
17.064415, 108.16428000000002, 11.38
17.324989, 107.90947999999997, 28.911666
17.060476, 104.72403000000003, 30.426666
16.711921, 106.96013999999997, 26.911666
17.284177, 106.91210999999998, 10.921667
17.160158, 102.78791000000001, 30.266666
17.056575, 107.80881000000005, 17.684999
16.713779, 110.85702999999995, 12.3
16.89129, 108.71851000000004, 23.435833
16.758853, 117.54190000000006, 30.893333
33.337261, 102.98613999999998, 57.146667
16.792053, 104.37407999999999, 26.282499
16.237457, 110.92047000000002, 51.531471
17.183452, 101.17602999999997, 18.913333
16.824985, 100.24408, 19.041666
17.171697, 103.21799000000004, 23.051969
17.252244, 110.12088, 10.058333
17.022333, 110.57043999999996, 28.0
16.74102, 118.02771000000001, 39.650383
16.587234, 103.49025999999998, 12.395
17.094532, 102.06821000000002, 28.996666
16.568561, 106.74157999999994, 41.282878
16.693279, 106.48430999999994, 10.011666
17.304618, 102.97732000000002, 11.668333
17.064283, 99.19217000000003, 49.927822
16.724342, 102.75649999999996, 16.375
30.880928, 101.59909000000005, 80.862144
17.354488, 104.04587000000004, 41.038333
16.455516, 108.30823000000004, 26.773332
16.488756, 106.01389000000006, 21.111665
16.553876, 114.19842, 22.951665
16.980632, 104.67703, 21.334999
16.956596, 108.60511000000002, 29.481666
17.320861, 107.30926, 28.479999
16.873706, 111.97608000000002, 45.975833
16.788349, 106.50988000000001, 46.506668
16.786336, 111.32333000000006, 13.755833
16.514638, 107.82559999999995, 83.283569
17.05731, 105.28000000000003, 22.895
16.59921, 104.50460999999996, 30.003334
16.769659, 107.84829999999994, 37.350097
17.070905, 103.92568999999997, 26.663333
16.504541, 102.43920999999995, 64.25
16.697341, 103.13315000000006, 13.64106
17.221183, 102.64809999999994, 12.413332
16.602525, 106.76630000000006, 26.934999
17.182952, 105.01269000000002, 17.254999
16.843236, 105.44955000000004, 20.834999
17.351186, 104.20221000000004, 48.318332
16.731798, 108.09808000000004, 15.929166
16.797885, 103.10068000000001, 31.479999
17.156343, 102.55514, 23.74119
16.957746, 105.90499999999997, 33.193332
16.891511, 110.69382000000002, 41.369243
17.058013, 96.57849000000004, 66.429046
16.968664, 107.26422999999994, 52.753334
16.963731, 109.44241000000005, 116.22
16.845493, 103.43351000000007, 35.715
16.790321, 106.74264, 16.094999
16.373498, 107.86052999999998, 12.965
17.282774, 102.03981999999996, 15.684047
16.828424, 106.23322000000002, 30.953332
16.959697, 108.94178, 32.194999
16.542461, -1123.2473, 17.386667
16.601402, 99.26583999999997, 33.343334
16.601263, 104.17516999999992, 29.165512
16.805538, 107.00638000000004, 13.104999
16.701574, 109.72571000000005, 18.231666
16.985244, 107.64745999999997, 38.12881
16.901441, 102.31872999999996, 23.581666
17.233631, 99.14600000000002, 39.263332
16.677251, 102.63299000000006, 15.564999
16.785165, 105.66748000000001, 50.088333
16.892559, 105.22449000000006, 24.389999
17.10935, 93.15090999999995, 8.1450004
16.761732, 104.10251, 73.080001
16.816705, 103.59325999999999, 26.581666
33.188915, 105.06833, 38.375785
31.448488, 104.52552000000003, 35.68
17.279138, 104.88003000000003, 35.273334
16.8908, 106.19520000000006, 21.938333
16.740928, 109.09949, 78.073692
16.685501, 110.23172000000005, 50.816665
16.739452, 104.57056, 85.268333
16.912977, 105.23815000000002, 16.594999
16.957351, 104.01022, 32.60625
33.570526, 99.40856999999994, 66.937805
16.797445, 112.65976000000006, 11.681666
16.907777, 103.95731, 16.77
16.676347, 103.77811000000003, 24.433332
16.833234, 106.64551000000006, 13.381667
17.073461, 109.33686, 27.189762
17.004331, 102.54459000000003, 25.378334
16.730556, 107.75211000000002, 29.548334
16.591907, 101.69606999999996, 49.411666
17.240512, 103.67481000000004, 54.951427
17.141323, 101.88024999999999, 24.795909
16.462431, 102.15692000000001, 10.393333
16.590267, 108.76160000000004, 10.92
16.653701, 98.82643999999993, 17.400714
16.651453, 101.79253999999997, 16.772499
17.056053, 103.51950000000005, 23.583334
16.408998, 106.74761999999998, 39.141429
17.037262, 103.09139999999996, 34.958332
17.345069, 102.04972000000004, 39.729999
16.881698, 107.13831000000005, 22.731666
16.768146, 104.98048999999997, 15.911666
17.252285, 101.16733000000005, 26.543333
17.106004, 104.74300999999997, 11.84
16.641487, 100.02686, 15.05
17.783531, 103.85793999999999, 8.5950002
16.751583, 107.12753000000004, 55.351665
16.786039, 106.45902000000001, 21.798635
16.974239, 106.11547999999999, 40.561428
16.706939, 107.67339999999996, 37.913333
16.575532, 100.87457, 28.933332
16.900156, 103.34206999999998, 12.593333
16.460769, 105.62883999999997, 32.845001
17.058605, 108.85546000000005, 107.82457
16.754184, 104.63729000000001, 20.568332
16.650262, 107.74762000000004, 85.651062
16.640302, 104.07049, 47.228096
16.810865, 108.43378000000001, 132.06813
16.552961, 107.14131999999995, 50.869998
16.970932, 111.56742000000003, 38.318847
16.878398, 107.80957000000001, 63.67197
16.878366, 95.77695000000006, 40.494998
16.663814, 112.89830999999998, 37.926666
17.214082, 104.34114999999997, 18.580715
16.922489, 96.47817999999995, 89.926666
16.687072, 104.00725999999997, 34.188331
16.9521, 101.37220000000002, 27.411666
17.251461, 106.25641000000002, 25.175832
16.613363, 103.21212999999995, 64.899032
16.489826, 106.64931999999999, 17.776666
16.583723, 101.09164000000004, 31.573333
16.403862, 110.75072999999992, 20.646667
17.355783, 105.41666000000004, 14.836667
16.911947, 99.30643000000003, 20.078332
17.006898, 105.52389999999997, 63.536567
16.771152, 103.61284999999992, 9.5716667
16.664884, 102.23885999999999, 43.701667
32.187336, 101.55005000000006, 44.389911
17.157518, 112.01105000000001, 31.393333
16.993541, 106.54909999999995, 17.128334
16.828773, 105.18511999999998, 47.811668
16.428756, 111.30324999999999, 32.713333
17.1891, 108.15491000000003, 10.008333
17.031356, 110.68002000000001, 14.044047
16.320711, 100.01030999999995, 18.265302
16.333353, 106.17304000000001, 53.146251
16.485645, 106.82638999999995, 30.409999
16.363277, 107.32279, 31.456666
16.786954, 105.83672999999993, 26.093334
16.84987, 105.99594000000008, 20.236665
16.965332, 102.68959999999998, 12.301666
16.953495, 101.27960000000002, 23.571666
16.719936, 104.21157999999997, 20.048334
16.488885, 104.53034000000002, 22.091667
16.966354, 105.19927999999999, 35.869998
16.767278, 106.30335000000002, 22.995
16.864343, 102.68554999999998, 15.074999
17.051225, 108.90464000000003, 56.5
16.721847, 104.63305999999994, 53.815757
17.068466, 108.45443999999998, 40.041061
16.572223, 109.50508999999994, 20.083334
16.615036, 108.00043, 29.553094
16.87807, 105.79608000000002, 38.475715
17.259502, 106.15871999999996, 19.34
16.386863, 104.97433000000001, 8.6049995
16.330354, 108.60489000000007, 35.499847
16.740266, 102.48046999999997, 17.710714
16.919504, 102.42779999999999, 20.423334
16.76399, 104.67673000000002, 20.348333
16.912847, 100.10541000000006, 25.373333
16.984001, 104.35106999999999, 28.597856
16.715532, 100.61236000000002, 22.67
16.789035, 106.51144, 17.870384
16.943277, 103.83440999999999, 33.113205
16.251369, 105.80401999999998, 36.343334
16.803247, 111.15599999999995, 8.9216671
16.898223, 104.51199000000003, 34.776668
16.927362, 108.71764999999999, 25.976667
16.82426, 112.60245000000003, 24.889999
17.602035, 104.88486000000006, 21.978332
16.802091, 105.8143, 45.638332
33.555244, 100.26577000000003, 12.678333
17.310436, 110.40046000000001, 15.383333
17.551576, 103.15988000000004, 19.311666
16.373365, 108.18640000000005, 16.974046
16.985673, 105.01755000000003, 30.333334
16.772939, 102.67428000000001, 45.316665
17.255069, 111.31389999999999, 12.011666
16.932432, 102.67870999999997, 89.849227
16.465522, 106.16662999999994, 22.774524
16.983667, 104.24829000000005, 91.421127
17.073123, 108.07660000000004, 37.400001
17.562852, 104.11730999999997, 15.846666
17.074985, 103.79702999999995, 63.389583
16.247552, 108.51153000000005, 103.15499
17.143545, 101.50103999999993, 18.660715
16.951196, 99.18713000000002, 23.283094
31.263666, 101.98552999999998, 49.816665
17.191667, 106.99435, 55.731666
17.197439, 102.79865000000001, 38.546665
17.01242, 108.65279999999996, 8.7673807
16.529886, 105.74789999999996, 26.616666
16.811912, 101.89441, 24.388334
17.022321, 99.67425000000003, 33.013332
16.578071, 109.53659000000005, 29.748333
16.629873, 103.04538000000008, 42.173332
17.190568, 107.29165999999998, 24.069999
16.565219, 101.70364000000001, 34.962947
17.295642, 102.73984000000002, 27.559166
16.627759, 107.29269999999997, 20.155
16.937358, 108.97674999999998, 49.50357
16.85161, 106.55367999999993, 51.508335
16.754999, 108.86251999999996, 10.899999
17.063653, 105.83132999999992, 55.812915
16.997728, 103.43268, 25.703332
16.863489, 107.23748999999998, 27.886667
16.829555, 109.80642000000006, 70.556762
34.273078, 101.42321999999996, 26.655
16.555494, 111.41094999999996, 15.56119
16.864963, 102.72268999999994, 15.345302
16.881618, 105.44464000000005, 21.411666
17.177265, 110.54408999999998, 16.27
16.67554, 106.89512000000008, 23.729524
17.357418, 109.60883000000001, 26.251667
17.076959, 111.31198, 88.568046
17.23117, 104.35050000000001, 29.213182
34.648769, 105.29027999999994, 36.83591
16.894105, 108.60201999999998, 18.027381
16.785757, 106.0505, 37.423332
16.380477, 108.9357, 22.506427
17.281814, 101.13709, 186.255
15.71471, 110.23543999999993, 132.43315
17.071746, 109.62666999999993, 15.239999
17.100355, 105.24288999999993, 60.536281
16.805227, 104.02758999999992, 10.070714
16.746357, 102.23192999999998, 12.433333
16.478151, 107.30223999999998, 40.624607
16.926864, 106.63763, 23.238845
16.702817, 104.26114000000007, 19.111665
17.050315, 104.50829999999996, 101.52969
16.833053, 110.86511000000002, 51.978332
16.908371, 105.70950999999997, 68.684219
16.956802, 111.30453999999997, 8.4533329
16.624446, 106.70550000000003, 19.254999
16.48715, 108.16244000000006, 9.4440479
16.785678, 105.625, 21.448333
16.864328, 108.14999, 65.585479
33.365531, 102.25319999999999, 9.2283334
16.622682, 104.01153, 9.1300001
17.366048, 104.13301999999999, 28.358333
16.99863, 101.70552999999995, 84.914566
16.521814, 104.15372000000008, 42.439525
16.889686, 108.69387999999998, 23.245
16.997835, 108.97386999999998, 56.998333
16.677667, 103.39050999999995, 15.543333
16.70236, 103.00534000000005, 39.936668
16.495136, 104.54910000000007, 12.006667
16.725696, 103.83990999999997, 18.928333
17.058702, 102.04315000000003, 22.958334
16.472047, 106.60634999999996, 59.854999
16.501548, 109.06259000000006, 31.415
16.692922, 105.70440000000002, 59.194358
16.969026, 109.62319999999994, 85.196907
16.532505, 106.09762, 22.898332
16.765642, 106.61637000000002, 83.697502
16.972927, 107.70150999999993, 33.132576
16.762065, 107.04375999999996, 19.143333
16.204767, 104.41674, 26.243333
16.91612, 107.69070000000005, 95.949287
17.293933, 101.41120000000001, 75.549743
16.370794, 108.89355, 34.673332
16.970487, 107.60155999999995, 10.328332
16.775247, 106.04691000000003, 16.61738
16.903108, 109.57818999999995, 21.271667
16.910518, 99.41347999999999, 13.493332
16.711902, 98.97370000000001, 20.129999
16.816499, 104.12853999999999, 21.246666
17.201387, 114.56704000000002, 17.126667
16.741138, 100.73932000000002, 28.329999
16.773992, 105.0387, 74.969284
34.461853, 102.31600999999995, 81.871818
17.041589, 104.40206999999998, 67.993331
16.526783, 99.59777999999994, 49.080001
16.854393, 109.01260000000002, 39.569999
16.76818, 108.75595000000004, 8.1166667
16.631555, 105.17191000000003, 23.029167
17.065828, 103.37759000000005, 27.181667
16.827919, 102.50304999999997, 14.523333
16.944665, 107.19684000000001, 52.479999
16.548936, 104.62878, 15.369848
16.635656, 104.68625000000003, 34.029998
17.281919, 105.25732999999997, 13.068333
16.740842, 109.57653999999997, 27.006666
17.207273, 97.35226, 19.228332
16.78429, 104.81299000000001, 34.126667
16.958814, 106.16235, 76.238334
16.598848, 107.21127000000001, 26.319999
16.775657, 104.23971999999998, 58.793335
16.969617, 103.14016999999996, 23.575
17.310558, 107.64288999999997, 26.309999
17.032724, 101.36275999999998, 58.273334
16.543214, 103.34627999999998, 33.668335
17.015008, 115.80091000000004, 63.79346
16.907615, 103.10827000000006, 8.8625001
16.709798, 107.96194000000003, 43.901275
16.687444, 111.51971000000003, 38.60218
16.527328, 107.85625999999996, 34.064998
16.593053, 113.04525999999998, 16.954999
33.63599, 105.97060999999997, 105.10307
16.659296, 106.61611999999997, 46.830001
17.218803, 108.08038000000005, 36.54
16.786798, 105.30104999999998, 16.256666
17.149492, 106.84943000000004, 37.538333
17.127485, 114.11623999999995, 14.593333
17.25864, 108.91537999999997, 50.227981
16.666687, 107.51986999999997, 33.293716
16.814083, 105.74898999999999, 22.395
16.721057, 101.08096000000006, 29.556667
17.134014, 107.28118999999992, 22.302499
17.111639, 108.05370999999997, 78.625473
17.351568, 101.14292000000006, 63.135475
17.063331, 107.87824000000006, 37.778331
16.921541, 108.74493999999999, 48.176666
16.738451, 105.52789000000007, 26.873333
16.833112, 108.58098999999999, 28.791666
16.489654, 104.95279000000005, 28.816429
16.778127, 109.17104999999998, 35.599166
17.031297, 109.18645999999995, 18.536666
16.315296, 107.47585999999995, 32.541667
16.690959, 105.07254, 41.259243
17.274379, 99.12077999999997, 51.223331
16.969169, 107.30090999999999, 33.809047
16.70314, 101.41137999999995, 33.201667
17.045244, 100.51535000000001, 43.776668
16.699899, 101.65689000000003, 27.353332
16.719976, 103.61087000000003, 34.525001
16.640426, 105.10830999999996, 28.363332
16.357561, 112.77166000000005, 29.11
16.89772, 104.98471, 33.971191
16.992664, 107.20105000000001, 10.773095
17.015537, 104.95366999999999, 28.272949
16.587453, 106.02002000000005, 9.0933332
16.553663, 108.61393000000004, 12.779999
16.812139, 104.01540999999997, 25.623333
34.2845, 103.36959999999999, 136.66166
16.715808, 105.98309999999998, 9.5183334
33.184036, 105.45121, 32.774761
16.662904, 111.65048000000002, 36.470882
16.699502, 104.41054999999994, 74.77333
16.60275, 110.10907000000003, 45.279048
16.886026, 105.84289000000001, 39.255001
16.320203, 106.74889999999999, 35.645
17.112205, 110.60382000000004, 9.0516662
16.53252, 104.87036, 16.526666
16.620327, 108.23946999999993, 20.364999
17.088689, 104.93649000000005, 21.168333
17.07648, 101.53618999999998, 9.4883337
17.354957, 106.84906000000001, 70.853332
16.940494, 109.41524999999996, 18.326211
17.335271, 100.24304000000001, 15.971666
16.78535, 98.87787000000003, 24.36
16.386865, 101.84387000000004, 48.823333
16.618236, 101.06328999999994, 38.948333
16.943779, 101.89600000000007, 52.290386
35.128238, 104.09155000000004, 50.353332
16.933553, 107.74075000000005, 70.580001
16.615015, 103.53906, 16.863094
16.58465, 103.17578999999995, 26.636667
16.831405, 105.99032999999997, 24.814394
16.853231, 112.19665999999995, 35.369762
16.695735, 113.85326999999995, 49.423332
16.689842, 107.50997999999998, 32.293335
16.809202, 108.55752999999999, 42.84272
16.892917, 107.58687999999995, 15.604999
16.359149, 100.24132999999995, 86.93077
16.711847, 102.32050000000004, 40.380001
16.974914, 100.15728999999999, 33.494998
16.600885, 101.24999999999994, 15.074999
16.988506, 101.03625999999997, 51.405391
16.937252, 109.71838000000002, 42.366664
16.96515, 103.35244, 23.083334
34.395481, 107.47405999999995, 76.678787
16.934959, 105.95510999999999, 18.796667
16.872072, 108.86132999999995, 22.156665
16.997476, 104.92836999999997, 34.098331
16.30426, 102.76457999999997, 70.449996
16.867767, 104.68789999999996, 26.134523
16.894849, 105.70241999999996, 11.145833
16.844018, 105.93701000000004, 44.423332
16.881057, 102.11865, 31.031665
16.603666, 98.14356000000004, 58.455001
17.034038, 105.65512999999999, 17.524999
16.994733, 108.63367, 59.212856
17.074752, 105.46081000000004, 33.892879
16.674474, 111.11895999999996, 65.092384
16.721281, 107.61783000000008, 27.149999
16.276123, 109.76183999999995, 39.618331
16.569738, 101.56823999999995, 12.528333
16.531036, 105.92516999999998, 33.309543
16.939569, 105.62276999999995, 43.186668
16.774341, 106.97182999999995, 18.141666
17.123584, 108.28717, 17.049999
16.731332, 106.45534999999995, 26.36
17.154233, 102.82654000000002, 25.641666