#t2730.txt, PH, ToF, MCP PH
79.842201, 98.79266000000007, 31.549999
79.751464, 100.50964000000005, 57.029583
79.899971, 98.23910999999998, 20.211191
79.864463, 98.61998999999997, 38.305908
79.938209, 98.20931999999999, 32.93106
78.551849, 98.75409000000002, 57.721668
79.60926, 97.53569999999996, 45.700882
79.704238, 98.20017000000001, 11.345
79.724044, 98.36678999999998, 14.625
79.927063, 100.66839999999996, 39.436668
79.473892, 98.99527000000006, 27.674999
79.837219, 97.86099000000002, 16.034048
79.733482, 98.43450999999999, 43.141666
79.488586, 97.92282, 39.93
79.690605, 100.09307000000007, 12.176666
80.312942, 99.57453000000004, 78.443336
79.22853, 98.65049000000005, 37.559166
79.551643, 98.86562999999995, 25.519166
79.408103, 98.48751999999996, 28.596666
79.830635, 97.54108000000002, 32.551666
80.131629, 99.04178000000002, 21.013334
79.382209, 98.45397999999994, 22.886667
79.215171, 98.39654000000002, 51.724998
79.263679, 100.25720999999999, 23.186666
79.634635, 98.15908000000002, 36.796794
79.718383, 98.72073, 15.669761
79.690147, 98.14144999999996, 90.859443
79.474174, 100.07233000000002, 25.319999
79.350143, 98.58529999999996, 53.211666
79.921791, 98.33942000000002, 27.85
79.50637, 99.23700000000002, 49.879547
79.609581, 98.37019999999995, 26.478332
79.221138, 100.17522999999994, 46.173332
79.844093, 98.99262000000004, 46.773334
80.134857, 99.58188000000001, 38.028331
79.669044, 98.37482, 23.519243
79.473762, 98.44228999999996, 23.665
80.227142, 97.71534000000003, 26.773332
79.40052, 99.10775999999998, 56.238334
79.492736, 97.77749999999997, 39.449848
79.667213, 98.49533000000002, 27.623333
79.79422, 99.09002000000004, 19.195303
79.660209, 99.91657000000004, 11.683333
79.846305, 100.32388000000003, 12.653333
79.644386, 99.19930999999997, 15.188846
79.858184, 99.85555999999997, 15.313095
79.286788, 99.44996000000003, 8.2940473
79.614624, 98.81515999999999, 43.019165
79.403854, 99.60796999999997, 68.24958
79.6044, 98.7887, 28.875
79.687675, 98.54645, 16.583095
80.113136, 98.88016000000005, 36.496189
79.438079, 99.76737000000003, 24.318845
79.533546, 99.79831000000001, 32.257942
79.794242, 99.18833000000001, 22.742576
79.860649, 98.94196000000005, 18.661666
79.654686, 98.36333999999994, 8.3633337
55.922313, 98.44042999999999, 34.801155
78.378715, 98.04145000000005, 28.078332
79.599708, 98.75189000000006, 30.36
79.977111, 99.36110999999994, 31.309999
80.062965, 97.43764999999996, 42.931667
80.03009, 99.48553000000004, 22.393095
80.167579, 100.24923999999999, 45.443206
79.560188, 99.31342000000001, 16.583334
79.611183, 98.26873999999992, 8.7366666
79.196632, 98.35962000000006, 11.329761
79.659118, 98.43939999999998, 16.821666
79.820938, 99.25361000000004, 42.465
79.66027, 97.78643, 53.526668
79.773811, 97.81515000000002, 71.65879
79.849929, 99.27173000000005, 27.325
79.943077, 98.95587000000006, 47.272499
79.650886, 100.15930000000003, 18.613332
80.023483, 100.79507999999998, 24.9925
79.82315, 99.25894000000005, 31.549999
79.560554, 98.42321999999996, 24.764999
79.824211, 99.64890000000003, 24.371666
79.809852, 99.72652999999997, 29.050714
79.446235, 98.88518999999997, 30.114999
79.740074, 98.49661000000003, 35.61
79.818885, 99.49962999999997, 20.01
32.186428, 103.33828999999997, 25.743333
79.156692, 99.30652000000003, 26.057727
79.636253, 99.1146, 26.524999
79.769226, 100.82169000000005, 10.943333
79.569526, 99.15951000000001, 40.45782
79.343536, 101.15796, 19.334999
79.745109, 98.62085000000002, 76.748336
80.057716, 99.97161999999997, 41.688636
79.732513, 99.47052000000002, 25.202949
79.438903, 99.79080999999996, 21.735
79.590621, 99.48424999999997, 52.555
79.790275, 97.43579000000005, 60.128334
79.089164, 97.54892000000007, 27.825
79.421173, 100.49786, 14.925
79.711807, 98.51166, 22.191667
79.78292, 97.56966999999997, 23.443332
79.364387, 98.89958999999999, 39.053333
79.622009, 99.14353, 44.772617
79.381904, 97.93041999999997, 41.778095
31.131534, 103.93158, 25.803333
79.181755, 99.02350000000001, 29.171667
79.591842, 98.77951999999999, 13.721666
79.776222, 98.85541000000006, 13.831666
79.455894, 98.90292999999997, 43.841667
79.797554, 98.41360999999995, 22.043094
79.633132, 98.06839000000002, 19.346666
79.985939, 98.26689999999996, 45.616664
79.540435, 98.36899, 23.304523
79.559104, 99.98348999999996, 28.863332
79.294036, 98.40338999999994, 34.505714
79.370567, 97.78215999999998, 14.552499
79.442878, 98.16622999999998, 15.431666
79.720428, 98.14605000000006, 43.186569
79.686225, 98.76172000000003, 14.013333
79.272468, 98.98726999999997, 17.503334
79.770607, 99.07610999999997, 24.25
79.583831, 100.53778, 17.501667
79.351234, 100.80318999999997, 56.463333
79.96067, 99.89563000000004, 14.028333
78.444389, 99.96576000000005, 26.354393
79.374679, 98.48602, 44.879116
78.502365, 98.48377000000005, 48.872379
79.276786, 98.5188, 13.816428
79.537033, 98.70806999999996, 28.854761
79.923751, 98.99643000000003, 13.091666
79.937789, 99.08472000000006, 63.598331
79.95227, 98.47800000000001, 70.862915
79.537162, 99.41794000000004, 33.44625
79.947219, 99.19247000000001, 162.98594
80.057045, 98.48255, 16.988332
79.655715, 99.37743999999998, 30.726667
79.731216, 98.53944999999999, 62.700832
79.243423, 85.57443000000006, 27.103332
79.67633, 99.66073999999998, 28.253095
80.090728, 99.93851000000001, 18.806428
79.504592, 100.28546, 21.834999
79.687812, 97.61373999999995, 29.479999
79.055801, 99.8324, 22.861665
79.702568, 98.03384, 30.298334
79.778999, 100.54381999999998, 11.996666
79.683631, 99.27209000000005, 27.149999
79.723182, 96.14488999999998, 27.113332
79.633972, 99.48693000000003, 14.443333
79.87445, 98.49520000000007, 22.97738
79.812995, 100.56329999999997, 11.998333
79.559455, 98.80835000000002, 24.526538
79.685737, 98.86800999999997, 61.559089
79.227836, 98.54043999999999, 42.363334
80.122818, 100.57463999999999, 28.899999
79.76667, 97.77819999999997, 18.706666
79.348716, 99.74865000000005, 37.41119
79.821121, 99.58364999999998, 10.147856
79.283393, 99.45445999999998, 16.451665
79.312912, 98.90357, 55.883335
79.520378, 98.22735, 22.0
79.926109, 97.68622000000005, 17.308332
79.455421, 98.94240999999994, 8.4683332
80.220367, 98.76736, 16.571666
79.738647, 100.52461999999997, 17.446666
79.910438, 98.09616000000005, 10.475
79.586799, 98.76418999999993, 73.785003
79.364227, 98.74957, 18.385
79.531097, 98.59514999999999, 25.428333
79.526466, 98.55413999999996, 58.485
79.922309, 98.8512, 118.58499
79.835365, 98.86557000000005, 17.629999
79.752594, 97.60456000000005, 30.471666
79.478988, 99.11713000000003, 24.501153
79.528175, 99.26349000000005, 23.531665
79.589904, 99.09176999999994, 42.54705
79.718009, 100.59528000000006, 48.209613
79.322952, 98.49441000000002, 15.103333
79.605041, 98.98975000000007, 23.757856
79.664062, 99.45552999999995, 25.713333
79.7332, 97.96848, 133.30267
79.855255, 99.36637000000002, 16.838333
79.88993, 97.34506000000005, 64.539848
79.452545, 98.24212000000006, 58.551666
79.432937, 97.76668999999998, 49.109523
79.834487, 98.49783999999994, 29.104999
79.009239, 98.41061999999994, 49.518333
80.045532, 99.30197000000004, 25.952499
79.621147, 98.38394000000005, 61.356227
79.578506, 98.67316, 19.858333
79.478408, 99.37876000000006, 32.806667
79.145774, 99.00154999999995, 30.027381
79.454826, 98.51096000000001, 100.76727
79.576881, 100.26522, 41.674999
80.543594, 100.45496000000003, 9.4666662
79.981704, 97.47573, 14.937856
79.955436, 99.34121999999996, 20.67
80.145141, 98.84885000000003, 49.741664
79.759994, 98.99669999999992, 16.071189
79.910888, 99.07052999999996, 14.45119
79.465484, 99.91757000000007, 129.62307
79.806198, 97.98624000000007, 19.229166
79.908638, 98.60473000000002, 33.639999
79.67237, 99.28381999999999, 40.906211
80.082496, 99.10428000000002, 34.323204
79.090278, 99.41625999999997, 49.893333
79.398727, 99.90508999999997, 19.87
79.81475, 99.64202999999998, 26.489242
79.577659, 99.09066999999999, 52.876667
79.037254, 98.66748000000001, 41.918335
80.070106, 100.42584, 40.106666
80.262664, 97.93244000000004, 23.381666
79.325187, 98.56674000000004, 104.08999
79.381332, 99.20580999999999, 26.696666
79.888946, 99.52936000000005, 60.646282
79.383552, 97.75330000000002, 17.753334
79.70182, 99.44991999999996, 26.079999
79.911903, 98.03967, 19.722856
79.437675, 98.66141000000005, 17.908332
79.502983, 98.91742000000005, 40.558334
79.363945, 100.75076000000007, 12.149999
79.392997, 99.35492000000005, 13.148333
79.257034, 99.04871000000003, 65.273246
79.267471, 98.83274000000006, 38.953334
79.04734, 98.11492999999996, 26.75
79.666442, 99.79776000000004, 37.471668
79.284767, 98.36981000000003, 19.966667
79.84555, 97.82085999999998, 10.654999
79.830429, 97.36538000000002, 11.616666
79.910888, 99.02282000000002, 34.058334
79.341926, 97.57192999999995, 27.401666
79.506019, 100.75549000000001, 17.318332
80.173156, 98.99417000000005, 32.298332
79.249885, 97.40743999999995, 38.384998
79.691391, 100.71145999999999, 28.303333
80.040741, 99.22854999999998, 70.482368
79.340454, 98.50313999999997, 9.833333
79.657913, 98.74767999999995, 19.075834
79.98011, 99.40432999999996, 34.360714
79.672233, 99.96663999999993, 12.578332
79.897666, 98.43872000000005, 17.86119
79.91323, 99.28097000000002, 31.886667
79.690994, 98.03189000000003, 32.548332
79.710067, 98.61592999999999, 24.318845
80.454887, 99.76382000000001, 53.365001
79.907569, 97.39526000000001, 59.776668
79.136604, 98.55362000000002, 28.411666
79.402259, 97.86761999999999, 27.504999
79.674545, -145.08440999999993, 11.878333
79.428237, 98.89877999999999, 22.404523
79.699203, 99.14890000000003, 53.261665
79.477737, 98.63674999999995, 29.166515
79.973396, 98.89184, 20.954999
79.812316, 98.10961999999995, 53.712368
79.059654, 100.21017999999998, 27.770713
79.154365, 97.79088999999999, 52.671863
79.628479, 97.09756999999996, 11.651666
79.527694, 99.64447000000007, 25.26
79.537971, 99.63305999999994, 13.158333
767.99578, 58.60884999999996, 965.74597
79.517898, 97.60076999999995, 18.018333
79.806999, 97.90908999999999, 10.364999
79.820732, 97.52686, 37.409523
79.732048, 98.48523000000006, 27.29619
79.477699, 99.36812999999995, 13.687856
79.827133, 97.95852999999994, 47.868331
80.157936, 98.18034999999998, 63.393333
79.699035, 99.35781999999995, 13.783333
79.83255, 99.20428999999996, 41.723205
79.73674, 99.19116000000002, 28.349523
79.535896, 98.84760000000006, 96.993263
79.794029, 98.90931, 31.948333
79.860298, 98.73287999999997, 18.155
79.505142, 99.29154, 22.648332
79.634216, 100.15817000000004, 37.641666
79.654884, 98.56488000000002, 55.303333
79.789833, 100.53122000000002, 21.616666
78.970405, 98.15286000000003, 13.941666
79.848106, 98.97043000000002, 8.4366664
79.564941, 97.73803000000004, 21.104999
79.438499, 98.65338999999994, 38.178333
79.833503, 98.63272, 17.541666
79.542442, 98.24189000000007, 29.176666
79.673263, 97.66495000000003, 20.673095
79.673538, 99.72110000000004, 11.689999
79.751503, 98.61859000000004, 50.060001
79.127319, 98.86968999999999, 67.358329
79.393997, 100.27538999999996, 9.7600002
79.78125, 98.82779000000005, 41.975833
79.480079, 98.48962, 45.354999
79.285202, 99.46047999999996, 50.516666
79.513801, 99.96686, 25.818332
79.202308, 99.38927999999999, 21.79738
79.699005, 99.74670999999995, 23.113332
79.762558, 97.86307000000005, 18.1025
79.72409, 99.00323000000003, 17.809999
79.466568, 98.00234999999998, 12.066666
79.568389, 98.32709, 25.559999
79.311584, 99.74075000000005, 21.571189
79.512657, 98.47482999999994, 26.968334
79.264343, 98.61581000000001, 52.005001
79.774101, 98.63061999999996, 13.649999
79.670845, 98.50235000000004, 14.75738
79.223365, 98.19377999999995, 60.320385
79.781021, 99.20071999999999, 11.770714
79.903579, 98.44039999999995, 34.657379
79.548149, 99.51547, 20.87
79.679878, 99.84821, 65.415473
79.535965, 99.03118999999998, 36.838333
79.420684, 100.14974999999998, 49.349208
79.954742, 99.47228999999999, 40.856666
79.786003, 98.80633999999998, 17.126667
79.671318, 97.51767000000001, 36.938331
80.19384, 99.37499999999994, 36.60147
79.45047, 99.89040999999997, 29.772499
79.780151, 99.42945000000003, 35.334999
79.458602, 101.93862999999993, 23.506666
79.003685, 99.79886000000005, 29.808332
79.110725, 99.20917000000003, 62.949047
80.027069, 97.91693000000004, 14.241666
79.437194, 98.64785999999998, 19.9925
79.455215, 99.12859999999995, 52.158332
79.650268, 99.44720000000007, 14.555832
79.832603, 100.31202000000002, 33.935909
79.552848, 100.28600999999998, 12.619761
79.81488, 100.16826999999995, 35.645
79.982757, 100.41216999999995, 16.77
79.801223, 98.70526000000001, 41.08218
79.756012, 99.68256000000002, 31.751667
79.868904, 99.35121999999996, 21.549999
79.802757, 99.01989000000003, 20.58197
79.362136, 99.07696000000004, 24.6
79.593551, 96.86329000000006, 11.2825
79.399513, 100.04775999999998, 41.91909
79.858345, 98.79638, 43.431152
79.495094, 99.38732000000005, 26.024999
79.698707, 98.76974999999999, 15.423333
79.368797, 101.27688000000006, 27.651666
80.030586, 97.99035000000003, 33.197052
65.158248, 82.95033999999993, 19.061666
79.802909, 98.88776000000001, 20.595832
79.107353, 99.33686000000006, 12.545833
79.580902, 98.50103999999999, 18.155
79.388855, 100.25020999999998, 37.418846
79.156768, 97.78368999999998, 21.693096
79.869751, 99.78189000000003, 27.526516
79.599922, 98.83640000000003, 28.415
79.734336, 98.83974999999998, 16.969999
53.870445, 100.75280000000004, 57.389846
79.543396, 97.65833000000003, 18.427381
72.111404, 98.37091000000004, 42.711154
79.719123, 99.82351999999997, 35.263332
79.270233, 99.63430999999997, 41.936794
73.416191, 98.84667999999994, 19.165
79.95124, 99.48883000000001, 94.351318
79.708984, 98.40731999999997, 61.398334
79.559997, 98.04692999999997, 12.819999
79.864807, 97.58030000000002, 17.136667
79.288917, 98.44048999999995, 39.556667
79.182205, 101.25195000000002, 26.653333
79.412612, 99.24443999999994, 8.336667
79.332, 98.21459999999996, 25.713333
79.516555, 99.12253000000004, 18.280714
80.159896, 98.63415000000003, 46.532917
79.544586, 99.8519, 51.562915
79.929679, 99.17075, 41.115909
79.342063, 98.99417000000005, 24.927856
79.308029, 99.26193000000006, 32.855304
79.939193, 98.37277, 68.532379
80.001388, 99.46895999999998, 15.404999
79.496276, 99.10067999999995, 21.25
79.400909, 98.99735000000004, 34.843334
79.923545, 100.51105000000001, 61.786666
80.134017, 99.62656000000004, 46.213333
79.889877, 98.88738999999998, 32.001667
79.975013, 99.14999, 86.579444
79.346168, 100.13918999999999, 28.893333
79.076217, 100.12262000000004, 11.901666
79.314483, 99.25064000000003, 34.101429
79.597045, 98.91811999999999, 25.68
79.637573, 100.48572000000001, 14.625
79.268264, 98.95871000000005, 43.481666
79.623298, 100.59216000000004, 62.897548
80.010284, 99.68102999999996, 39.228332
79.616935, 97.56454999999994, 22.485
79.634437, 98.96871999999996, 28.691667
79.758079, 99.78247000000005, 40.108333
79.180671, 98.6232, 23.479166
79.669288, 98.86429000000004, 19.086666
79.413322, 98.98901000000001, 17.364999
79.189689, 99.17662999999999, 11.658333
79.838775, 100.79513000000003, 13.988333
79.566558, 99.73795000000001, 22.014999
79.435867, 99.35821000000004, 47.458332
79.713195, 99.70843000000002, 22.871666
79.794059, 99.35954999999996, 36.508335
77.310318, 99.23874000000006, 28.336666
79.49823, 96.77464999999995, 52.368331
79.540321, 98.94187, 24.348333
79.918571, 98.05158, 34.982498
79.796295, 98.89965999999998, 91.503334
79.984718, 98.84131000000002, 13.178333
79.582138, 98.2858, 18.611665
79.318122, 100.18944999999997, 42.286666
79.805908, 99.04693000000003, 12.703332
79.286468, 100.24221, 23.729999
80.012001, 99.58294000000001, 23.921667
80.062736, 99.67118000000005, 21.916666
79.816375, 99.12459999999999, 51.858333
79.691017, 98.30120999999997, 19.1825
79.647567, 98.92593, 24.42
79.698806, 98.49295000000001, 16.561666
79.47306, 99.70241999999996, 21.508333
80.077896, 98.29923000000002, 26.628334
79.752517, 98.66931, 23.858333
79.546508, 99.49599999999992, 55.963333
79.277755, 99.34899999999999, 32.579048
80.252868, 100.01856000000004, 19.847726
78.938125, 99.12099999999998, 28.276666
79.246925, 99.23712999999998, 30.903095
79.320121, 98.59197999999998, 18.201665
79.523254, 98.50808999999998, 25.149761
79.26081, 96.80850999999996, 36.580001
79.362815, 84.99090000000001, 9.7899999
79.486656, 99.29232999999999, 79.426666
79.3292, 97.78543000000002, 16.488332
79.545845, 99.23764, 29.743181
79.442382, 99.56458000000003, 56.363334
79.810546, 98.71587999999997, 31.449544
79.954887, 99.06067000000002, 10.963333
79.322639, 98.37088, 36.576793
79.692527, 99.94118999999995, 30.409849
79.392189, 98.80645999999996, 31.1
80.308219, 97.93482, 33.657856
79.364875, 99.94894, 22.806514
79.464355, 85.84548999999998, 43.155834
79.34645, 98.49851000000001, 29.223182
80.076141, 84.83111000000008, 8.2233333
79.555145, 98.70587, 53.913333
79.53228, 100.86133000000001, 25.823333
79.610229, 98.17186999999996, 21.93197
79.70803, 99.64715000000001, 25.25
79.905906, 99.64416999999997, 15.303333
79.585891, 98.44835999999998, 13.301666
79.500061, 100.48041, 32.255001
79.545616, 98.42520000000002, 27.139165
79.89595, 97.75259000000005, 24.028333
79.518272, 100.46935999999994, 11.46
79.781944, 98.86759, 12.43
79.664634, 101.73917, 32.775001
79.323844, 100.68589000000003, 43.046665
80.263336, 100.00576999999998, 55.288333
79.402404, 98.78260000000006, 18.362499
79.301864, 98.58499, 47.443332
79.976036, 99.63235000000003, 25.886667
80.195037, 99.13693, 32.059047
79.777542, 98.05041, 21.898332
79.111305, 98.62409000000002, 46.49987
79.66217, 99.51986000000005, 49.138332
79.21936, 98.04663, 9.1983337
79.699577, 99.57001000000002, 15.316666
79.896789, 99.09814999999998, 49.251667
79.474418, 98.81127999999995, 19.504047
79.268539, 99.68081999999998, 59.264522
79.088066, 98.59078999999997, 53.455001
79.196357, 99.72223000000002, 62.013332
79.544014, 98.85511000000002, 27.78
79.728828, 99.22869999999995, 75.119384
79.940727, 98.20154000000008, 39.371666
79.811386, 97.66079000000002, 50.783332
79.421356, 99.84404999999998, 55.194999
79.558013, 99.66825, 20.665832
79.29177, 98.37993999999998, 18.978332
79.795547, 100.23025000000001, 42.608333
79.89627, 98.29675000000003, 11.651666
80.291542, 97.66111000000001, 19.281665
80.118873, 99.51824999999997, 58.628334
79.549614, 99.48205000000002, 11.931666
79.212204, 98.30377000000004, 25.501667
79.566642, 99.14461999999997, 10.808333
79.479126, 98.64660999999995, 11.916667
80.129356, 99.25067000000001, 22.660715
79.713455, 98.51151000000004, 24.236429
79.859314, 99.31219999999996, 49.244606
79.727439, 98.80162999999993, 27.61619
79.924758, 98.40508999999997, 10.469166
79.449684, 99.29624000000001, 73.051864
79.34851, 97.94152999999994, 73.056381
79.256568, 98.14537999999999, 81.43853
79.417671, 98.98966000000001, 30.881666
79.790222, 99.04968000000002, 29.723333
79.671867, 99.19486000000006, 67.754219
79.735923, 98.95034000000004, 37.636428
79.606514, 99.08972999999997, 96.63636
79.393867, 99.14868000000007, 15.8
79.447593, 100.53624999999994, 57.821666
79.601043, 99.86948000000001, 69.701866
79.773384, 98.81931000000003, 12.135
79.882835, 99.54330999999996, 14.421667
79.338096, 99.57083000000006, 12.685
79.622985, 97.96420999999992, 48.596668
79.113143, 99.76168999999993, 36.031665
79.966743, 99.35884999999996, 11.091666
80.171859, 98.40345000000002, 45.376667
79.913429, 99.48345999999998, 56.408096
79.936615, 98.43741, 58.986667
79.83171, 97.48023, 17.588333
79.696167, 98.93698000000006, 67.551315
79.599861, 98.30826000000002, 57.688331
79.617576, 97.61783000000003, 22.206666
79.663391, 99.13876000000005, 20.667381
79.100784, 100.18520999999998, 56.229583
79.732246, 100.27850000000007, 15.854999
79.686325, 98.46840999999995, 51.024761
79.891624, 99.51825000000002, 23.641666
79.593231, 99.08908000000002, 38.253459
79.68814, 99.40170999999998, 15.563333
79.819603, 99.95230000000004, 29.416666
79.457992, 98.26911000000001, 25.668846
79.915222, 80.95202999999998, 11.633333
79.501487, 99.08531999999997, 47.091968
79.340751, 100.08242999999999, 12.304523
79.455192, 99.52521000000002, 23.18
79.432869, 98.18128000000002, 18.913333
79.888633, 98.26638999999994, 26.424999
79.140861, 98.62790000000001, 26.658332
79.115867, 97.94089000000002, 36.704761
79.457641, 98.49234000000001, 26.245
79.962471, 99.89614999999998, 30.146667
79.217918, 98.70892000000003, 41.67591
79.399566, 99.92786000000007, 15.1
79.487464, 100.67290999999994, 8.9949998
79.467933, 97.32547, 25.631666
79.848419, 99.23837999999995, 33.409999
79.911582, 98.72153000000003, 77.116668
79.786781, 99.30008000000004, 13.949999
79.579704, 98.37389999999999, 19.526666
79.990394, 98.73812999999996, 96.506607
79.606384, 98.48967999999996, 14.345
79.22808, 99.36316000000005, 70.241668
79.761299, 100.40531000000004, 39.888332
79.396644, 99.09215999999998, 38.650001
79.925834, 99.57882999999998, 44.811668
79.545585, 99.83700000000005, 69.338333
79.830589, 99.15393999999998, 23.063333
79.43663, 98.21655000000004, 26.959999
79.373504, 97.45898, 15.463333
80.264991, 97.4461, 45.240001
79.276382, 98.14672999999999, 19.308332
80.5559, 97.55383999999998, 10.843333
79.54898, 97.15465999999998, 20.363332
157.34645, 107.07665999999995, 221.18035
79.440261, 99.17111, 25.423334
79.963264, 99.23617999999999, 11.585
79.890358, 99.29485999999997, 9.8400001
79.355697, 99.67901999999998, 22.573333
79.607292, 99.04352, 53.25238
79.80027, 97.90185000000002, 16.098333
79.022438, 98.14179000000001, 20.472499
79.240051, 100.90808000000004, 63.195758
79.574302, 99.59652999999997, 65.543205
79.630996, 98.72499999999997, 43.306667
79.766815, 99.08393000000001, 65.586189
79.823364, 98.79278999999997, 40.789241
79.731651, 98.68875000000003, 20.219999
80.096069, 100.04180999999994, 26.624393
79.672485, 98.71728999999993, 41.641666
79.874588, 99.11883000000006, 30.378334
79.556404, 99.77652, 12.444047
79.423492, 98.62628000000001, 30.34119
79.594596, 99.02768000000003, 31.236665
79.839767, 99.86883999999992, 12.573333
79.663299, 100.80095999999998, 52.391666
79.749382, 97.81018, 59.269119
79.870979, 99.53930999999994, 14.071666
79.725433, 99.60775000000001, 16.290714
79.817604, 98.83223999999996, 26.301666
79.707107, 98.37777999999997, 29.708095
79.649185, 99.49990999999994, 45.743095
79.963241, 100.10477000000003, 11.728333
79.530952, 99.07147000000003, 47.366664
79.875328, 99.57470999999998, 32.436668
79.600082, 98.37845000000004, 21.28119
79.642005, 100.29546999999997, 24.238332
79.359161, 99.69995, 25.998333
79.756362, 98.61700999999994, 68.14991
79.837631, 99.66772000000003, 35.784999
79.84423, 98.78674000000007, 14.21
79.619972, 99.15417000000002, 18.79
79.309425, 97.85402999999997, 71.03952
79.826484, 97.93658999999997, 27.566282
68.669639, 98.71605999999997, 54.669998
79.570076, 98.77057000000002, 15.018333
79.789733, 98.31812000000002, 44.016666
79.973793, 97.59348000000006, 27.648332
80.061782, 99.37485000000004, 49.811668
79.871307, 98.98992999999996, 9.5299997
79.568801, 97.78375999999997, 77.799903
78.762611, 100.17370999999997, 60.244998
79.244483, 99.52762000000001, 14.83119
79.668151, 97.99475000000001, 8.8016662
79.56771, 97.30149000000006, 15.618332
79.322387, 98.91318000000001, 17.307857
79.528556, 97.53543000000002, 21.649999
79.773216, 99.51962999999995, 96.336669
79.761421, 99.21825999999999, 59.112949
79.882812, 98.77506, 9.0266666
79.759803, 99.53695000000005, 44.294395
79.20755, 98.99457000000001, 17.392499
79.328117, 98.65401999999995, 23.511667
79.424903, 99.4094, 72.50991
79.776336, 99.64864999999998, 46.323204
79.321304, 98.97228999999999, 27.104999
79.606277, 99.32643999999999, 25.993333
79.841102, 97.45056, 22.846666
80.01921, 97.01859000000002, 15.85705
79.198265, 99.51126000000005, 19.723333
79.783088, 98.58123999999992, 15.036666
79.674621, 99.28073999999998, 19.601667
79.173942, 100.27084999999994, 21.2625
79.604972, 99.21149000000003, 16.001667
79.769493, 100.58498999999995, 41.99295
79.562171, 99.58285999999998, 35.534648
79.851814, 98.90219000000002, 27.644046
79.643638, 100.16787999999997, 16.746666
79.558387, 101.55954000000003, 19.924999
79.854888, 99.41134999999997, 25.726667
79.485397, 97.80147999999997, 50.689117
80.223854, 96.86746, 10.357856
79.154579, 100.26822000000004, 16.225908
80.09439, 97.24480999999997, 33.580001
79.447113, 97.62885, 48.389999
79.425041, 98.11289000000005, 27.463333
80.093162, 98.38394, 33.892879
79.799011, 97.66210999999998, 16.731666
21.067173, 102.67245999999994, 62.188636
79.73806, 97.58517000000006, 58.798332
79.526451, 100.11029000000002, 14.556666
79.665847, 97.62598000000003, 20.181667
79.924217, 99.69995, 23.638334
80.09185, 99.07473999999996, 18.159584
79.667297, 98.80541999999997, 18.338333
79.664978, 100.24142, 42.266666
79.905151, 99.93860000000001, 12.959242
79.604606, 98.96825999999999, 77.728332
80.039527, 99.05716000000001, 29.113332
79.720123, 99.06741, 29.083334
80.080383, 98.78570999999994, 9.7883329
78.725975, 98.58072000000004, 12.376667
79.800659, 99.05335000000002, 67.341667
78.723838, 98.69268999999997, 16.503334
79.590919, 99.55743000000001, 8.1099996
79.625755, 98.73403999999994, 117.1806
80.234375, 98.45486999999997, 29.975
79.585098, 98.50003000000004, 56.11
79.832984, 100.08760999999998, 33.764999
79.498207, 99.76873999999998, 15.5
79.524307, 98.36351999999994, 13.252499
79.833358, 98.51306, 12.614999
79.515289, 100.89288000000005, 29.156665
79.243568, 97.45367000000005, 43.882179
79.730361, 100.54294000000004, 35.054763
79.397247, 98.28091999999992, 16.321189
79.412468, 98.69903, 74.448333
79.365928, 98.95032000000003, 20.269166
79.430229, 98.78237999999999, 31.878334
79.839256, 98.53204, 31.295
79.62635, 100.12162000000001, 25.655
79.990402, 99.14834000000002, 11.201666
79.997596, 99.86010999999996, 35.465831
79.986656, 97.81533999999999, 9.0916662
79.476013, 98.74453000000005, 15.491666
35.893245, 101.37686000000002, 12.193333
79.364646, 98.94946999999996, 52.608333
79.935813, 97.16605000000004, 14.701666
79.020477, 97.17892, 21.075834
79.874137, 98.93673000000007, 14.088333
48.686866, 99.54996, 63.255195
79.076629, 98.22686999999996, 28.115833
79.690216, 99.68869000000007, 20.396667
79.398971, 98.66170999999997, 17.066429
79.632072, 99.90357000000006, 58.958332
79.492752, 100.51861999999994, 56.117725
79.569274, 98.96728999999999, 20.09
79.86174, 99.45846, 17.880714
79.932067, 98.74475000000007, 58.205001
79.177887, 98.54443000000003, 17.456666
80.168136, 98.31418000000002, 17.836666
79.543235, 98.59520999999995, 14.116666
79.497146, 99.91561999999993, 14.103333
79.386909, 99.25824000000006, 16.460714
79.620506, 100.03107, 11.761666
79.965034, 98.40579000000002, 39.789047
79.577262, 99.98620999999997, 52.99628
79.593826, 98.04352000000006, 16.908332
79.974365, 98.98717999999997, 11.686666
79.500801, 98.01587, 19.171667
79.510734, 98.76746000000003, 27.653095
79.830078, 99.32000999999997, 23.351667
79.201118, 100.10992000000005, 32.123333
79.964996, 98.48961999999995, 35.506538
79.77658, 100.13666000000006, 24.634487
78.518577, 98.46515, 42.555
79.403526, 98.45004000000006, 24.022499
79.793533, 99.38387999999998, 40.378334
79.448905, 96.93115000000006, 26.485
79.651481, 98.62701999999996, 63.699848
79.657432, 98.76052999999996, 11.798333
79.269355, 99.37134000000003, 67.658332
79.64151, 98.52400999999998, 17.436666
79.546676, 98.94443000000001, 57.544998
79.70549, 98.71324999999996, 29.656429
80.338378, 98.33337000000006, 30.752574
79.401893, 99.85025000000002, 27.569999
80.06018, 99.63312000000008, 23.288333
80.092681, 98.58676000000003, 20.898332
79.509704, 98.86342999999994, 23.53738
79.900322, 98.49112000000002, 32.101665
80.145507, 98.60293000000007, 24.125
79.341438, 98.14352999999994, 22.764999
79.803115, 98.60179999999997, 17.279544
80.204223, 99.00064000000003, 75.548332
80.264579, 97.26983999999999, 56.906665
79.690963, 98.43862999999993, 38.282856
79.235969, 100.34188999999998, 10.813333
79.585212, 99.33648999999997, 14.246666
79.557998, 97.04041000000001, 98.410713
79.498634, 99.00876000000005, 23.139999
79.921257, 99.14474999999993, 9.3466663
79.583953, 98.85039999999998, 22.823333
79.826019, 99.96797999999995, 16.963182
79.668449, 98.20352000000003, 52.421665
80.04869, 98.96389999999997, 13.715
79.819252, 97.71077999999994, 33.974998
80.237144, 98.39557000000002, 26.165
79.789566, 100.20044000000001, 49.983333
79.648155, 98.70943999999997, 12.353333
79.400718, 99.87551000000002, 25.93
79.444221, 99.60066999999998, 26.419546
79.670677, 98.79459000000003, 46.941665
79.500518, 100.24071999999995, 20.266666
79.469993, 99.15525000000002, 23.372499
79.804969, 99.84682999999995, 50.59
79.249961, 98.53244000000007, 34.037857
79.632644, 97.91177000000005, 33.319999
79.579109, 99.59252999999995, 51.104999
79.682899, 98.21588000000003, 26.535303
79.376419, 97.72436000000005, 27.631666
79.518188, 98.57419000000004, 18.049999
79.820037, 99.08645999999999, 36.458332
79.630142, 99.23552999999998, 41.416667
79.128761, 98.69887999999997, 18.327858
79.675972, 99.45360999999997, 31.559999
79.533531, 99.39972, 30.53
80.076446, 97.99185, 27.372381
79.723892, 99.05689000000007, 106.48333
79.584457, 99.4907, 15.271666
80.04676, 97.01968, 26.979999
79.162567, 96.84091000000001, 41.391666
79.946495, 98.71261999999996, 24.2325
79.384468, 99.21109000000001, 10.593333
79.128669, 98.32077000000004, 45.328094
79.244567, 100.39963, 63.869998
79.935127, 99.49217999999996, 19.674999
79.96743, 99.99783000000002, 24.581666
79.713623, 98.12481999999994, 35.979999
79.499542, 99.73290999999995, 29.292947
79.905693, 97.96002000000004, 21.971969
79.8759, 97.30847, 19.925714
79.977119, 98.33132999999992, 50.384998
79.201377, 99.51085999999998, 8.3216667
79.410575, 99.08941999999996, 8.3599996
79.121322, 98.62081999999998, 34.573333
79.350929, 98.87689, 17.413095
79.365356, 100.33508000000006, 31.01
79.758186, 99.09003000000001, 31.575714
79.766357, 98.79587000000004, 74.773231
79.792602, 99.44100000000003, 25.651153
79.790306, 99.23663999999997, 90.714469
79.216789, 100.53844999999995, 25.444047
79.032653, 99.31180000000006, 12.255833
79.330841, 99.60829999999999, 45.158638
79.693183, 99.27322999999996, 84.083335
79.443176, 98.52234000000004, 12.652575
79.832969, 97.99851000000007, 76.432144
79.845558, 98.45682, 48.418335
79.516433, 98.59572999999995, 13.641666
80.200614, 99.82830999999993, 43.545909
79.85704, 97.60156, 33.177379
79.188247, 98.81244000000004, 55.048332
79.704361, 98.72959000000003, 37.596538
79.754035, 98.94403000000005, 40.163333
79.947975, 98.16864000000004, 33.382499
79.738098, 98.86035000000004, 49.310001
80.282737, 99.95486, 64.06958
79.549316, 98.83850000000001, 14.136666
79.498443, 100.05340999999999, 15.698333
79.46907, 99.70470999999998, 62.262855
80.091148, 97.93912000000006, 20.933332
79.439689, 100.06339000000003, 8.4516668
80.048126, 97.97531000000004, 33.352916
79.158012, 100.09755999999993, 15.146666
79.938476, 99.61907999999994, 26.943332
80.262374, 97.38040000000001, 35.724998
79.383888, 98.39385999999996, 29.795
79.565635, 100.10153000000003, 31.851667
79.68164, 98.38619999999997, 23.975908
79.226455, 98.66098, 25.336427
80.097801, 97.70227, 29.754999
79.72853, 98.88995, 38.496666
79.287689, 99.02575999999999, 81.39167
79.860893, 99.95141000000001, 146.86917
79.356308, 98.70049999999998, 50.54245
79.956291, 97.54043999999999, 17.59119
79.928848, 98.05725999999999, 22.343095
79.972656, 99.19418000000002, 36.204761
79.61338, 99.17629999999997, 81.006668
79.73767, 101.01071999999999, 14.811666
80.14112, 98.79288000000003, 17.83119
79.961616, 99.75022000000001, 25.116666
79.190643, 98.25296000000003, 14.346666
79.603378, 99.74311, 20.824523
79.613662, 100.17678999999998, 18.871666
79.895736, 98.38430999999997, 91.105003
79.620002, 98.87937, 24.256666
79.466308, 85.51659999999998, 20.908332
80.183593, 100.17276000000004, 73.676666
79.252441, 98.34793000000002, 15.469166
80.117141, 97.38528000000002, 12.619242
79.954673, 100.93142999999998, 19.961666
79.691131, 99.35305999999997, 17.239999
79.303497, 100.59447999999998, 15.608333
79.651969, 99.47255999999999, 27.67
79.579559, 98.88214999999997, 90.816665
79.787994, 99.22991999999999, 34.128334
79.647064, 99.32708999999994, 24.665832
79.809845, 98.61423000000002, 10.318333
79.799652, 98.09505999999999, 21.846666
79.932876, 99.62752999999998, 67.849121
79.59497, 98.86077999999998, 25.80738
79.653724, 99.34549000000004, 17.316667
79.640411, 98.58868000000001, 35.078846
79.220214, 98.3118, 16.921667
79.861595, 99.15020999999996, 24.643333
79.433303, 99.58324999999996, 74.758728
79.443443, 101.05712999999997, 31.981666
79.736213, 98.38937999999996, 17.311189
80.021476, 98.94126000000006, 13.338333
79.95034, 99.10561999999999, 21.828332
79.704109, 99.01477, 21.628334
79.915489, 98.96886999999998, 31.145
79.912605, 96.392, 20.241666
79.81221, 99.15093999999999, 64.783332
79.508987, 98.38256000000001, 30.376667
79.711914, 99.52572000000004, 14.836667
79.58628, 100.51650999999998, 59.303333
79.716331, 98.03918000000004, 26.9125
79.472572, 98.28887999999995, 87.371841
79.221008, 98.19958000000003, 31.383333
78.716087, 99.59949, 17.621666
79.579849, 98.80288999999999, 12.881667
79.747993, 99.04399999999998, 9.961667
79.661964, 97.66885000000002, 30.344999
79.873733, 98.65890000000002, 26.015302
79.372695, 97.83040999999997, 12.926428
79.36457, 99.13842999999997, 39.591316
79.388755, 100.05680000000007, 39.622879
80.011245, 98.71328999999997, 29.381153
80.11647, 98.81011999999998, 24.34
79.820182, 98.58176000000003, 25.009166
79.269866, 99.28859999999997, 10.086667
79.679229, 99.40868999999998, 9.9678573
79.718559, 98.63852000000003, 14.755
79.487182, 85.30246, 32.79
79.635055, 98.50217000000004, 16.128334
79.694007, 99.86690999999996, 9.583333
79.499145, 98.64084000000003, 10.778333
79.749321, 98.12024000000002, 54.718093
79.560585, 100.23889999999994, 16.944999
79.975379, 99.00347999999997, 21.125833
79.684715, 99.35290000000003, 8.5366668
79.678314, 98.21151999999995, 42.991664
79.218544, 98.29451999999992, 9.6983337
79.453575, 100.26553000000001, 8.7200002
79.441627, 98.56557999999995, 29.333334
79.729736, 98.75133999999997, 29.135
79.151992, 98.54281999999995, 35.228096
79.560127, 99.43282999999997, 17.721666
80.02761, 100.05161000000004, 20.055
79.878112, 98.25884999999994, 8.4997615
69.22557, 98.44319999999999, 71.210609
79.332611, 98.26439999999997, 15.798333
79.199104, 98.55510999999996, 35.956665
79.621078, 97.59676999999999, 11.978333
79.394615, 98.18683000000004, 23.92
79.535263, 84.24493000000001, 13.268333
79.314476, 99.32776000000001, 23.559999
79.057876, 97.53170999999998, 33.893333
78.980163, 98.25260000000003, 17.854999
79.402275, 98.54174999999998, 18.901666
79.966453, 99.87685999999997, 27.375
79.999931, 99.67273, 15.376667
80.162704, 99.96825999999999, 12.515
79.41922, 99.32800000000003, 72.016052
79.901298, 97.89968999999996, 15.204999
79.592491, 98.58408000000003, 28.43
79.631294, 98.53183000000001, 46.241664
79.73162, 97.24554, 26.108333
79.695686, 99.64868000000001, 49.61
79.559532, 99.04297000000003, 90.561454
79.733398, 99.38130999999993, 34.443206
79.374656, 99.88418999999993, 54.848331
79.991668, 98.55569000000003, 30.739849
79.689857, 98.46170000000001, 18.809545
79.714225, 99.79898000000003, 17.808332
79.44609, 97.82561999999996, 14.076666
79.245262, 99.06549000000007, 81.055152
79.569503, 99.14297000000005, 26.868333
79.13253, 100.01076999999998, 25.246666
79.845764, 97.28505999999993, 83.463333
79.837211, 100.27774000000005, 8.9049997
79.241745, 98.97298999999998, 52.435001
79.677589, 99.55027000000007, 8.2266664
79.149986, 98.41031000000004, 33.228332
79.754501, 99.26463999999993, 26.076665
79.609176, 98.14249000000001, 19.696428
79.67366, 98.20168999999999, 24.576665
80.062164, 98.24315999999993, 22.37
79.667755, 98.54055999999997, 20.25
79.197593, 98.99316000000005, 25.329999
79.71215, 97.36624000000006, 28.267856
79.163108, 97.76958999999994, 30.988332
79.888717, 98.70059000000003, 27.778333
79.459571, 97.79174999999998, 11.461667
79.76876, 98.67004000000003, 44.694999
79.350326, 99.25321000000002, 35.058334
79.397705, 99.15744000000001, 30.708334
79.599807, 98.55731000000003, 31.705909
79.43737, 98.27575999999993, 105.86416
79.745582, 97.75924000000003, 76.25727
79.133407, 99.09640000000002, 17.434999
79.873619, 99.72046000000006, 66.286537
79.895698, 100.34106000000003, 26.048334
79.287559, 98.52981999999997, 15.529999
79.756828, 98.30954000000003, 17.434999
79.369377, 99.45995999999997, 11.415
79.529579, 99.62279999999998, 24.639848
79.825653, 98.00101000000006, 10.586428
79.518676, 97.46846999999997, 48.724998
79.891479, 99.11542000000003, 25.056667
79.554039, 99.88404000000003, 36.400001
79.672378, 99.24542000000002, 20.322877
79.474594, 99.03030999999999, 110.27476
78.386718, 99.87445000000002, 55.538509
79.931266, 99.77371000000005, 9.0683336
79.95935, 98.63286999999997, 58.8199
79.365951, 98.25943000000001, 13.553333
79.17675, 98.49484000000007, 14.756667
79.726272, 98.66073, 18.126794
79.640113, 98.59377999999998, 21.909999
79.990356, 100.33478000000002, 24.381666
79.487815, 97.14939000000004, 43.552574
79.750373, 99.73712, 35.918335
79.414848, 99.77438999999998, 26.396667
79.46315, 99.48077, 17.381666
79.892036, 98.11053999999996, 101.00853
79.827812, 99.31124999999997, 25.67119
79.443679, 98.15631000000008, 39.056766
79.208389, 100.02188000000001, 44.841667
79.711998, 98.98679000000004, 32.901668
79.577835, 98.58742999999998, 11.451666
78.850769, 97.93081000000006, 33.146213
79.504867, 97.79806000000002, 22.283332
79.322959, 99.92993999999999, 18.931667
79.60276, 98.69146999999998, 27.524999
79.600395, 99.90172999999993, 20.399166
79.760284, 99.63720999999998, 13.793333
79.727836, 97.44286999999997, 51.706249
79.768661, 99.25394, 17.391666
80.276191, 97.53334999999998, 88.338226
79.833465, 99.22481999999997, 52.831665
80.000465, 98.97089000000005, 18.316667
34.719059, 103.03145999999998, 119.15843
80.034904, 98.96279999999996, 14.578332
79.672912, 97.32150000000001, 19.645
79.693954, 99.74826000000002, 84.195472
79.715103, 98.57300000000004, 19.146667
79.664497, 99.57919000000004, 115.68143
79.514396, 98.37311, 11.34
79.906005, 99.58371000000005, 21.763334
79.470809, 97.18804999999998, 44.806667
79.5326, 97.23290999999995, 70.511314
79.712333, 98.34482000000003, 15.095
79.745048, 97.92339999999996, 47.904998
79.413833, 99.26497999999998, 20.071666
79.507232, 98.99747000000002, 13.678333
79.795455, 98.79441000000003, 95.949996
79.549034, 99.79787999999996, 40.113334
79.078582, 98.92502000000002, 33.096515
79.82978, 98.91114000000005, 37.561668
79.824615, 97.96855999999997, 31.213333
79.388244, 98.15039000000002, 29.103332
79.638465, 97.89410999999996, 18.958334
79.343956, 99.15423000000004, 51.63591
79.892601, 99.00695000000002, 19.193332
79.711532, 99.19842999999997, 35.023334
78.083999, 98.70984000000004, 41.196666
79.327751, 99.1762, 14.534999
79.726501, 98.14328, 35.379848
79.620239, 99.81747999999993, 37.956665
79.440277, 99.14293999999995, 32.069583
79.504028, 97.78109999999992, 20.914047
79.755523, 99.71188999999998, 64.202919
78.853729, 98.66416000000004, 20.633333
79.741218, 99.86016999999998, 35.773334
79.586578, 99.84835999999996, 15.812878
79.566345, 99.71425999999997, 61.569999
78.701202, 98.40666999999996, 41.523334
79.737609, 98.51247999999998, 34.94738
79.734069, 98.72500999999994, 17.921667
79.521713, 98.61075, 23.679847
79.866775, 99.46860000000004, 20.286666
80.497779, 98.73288000000008, 13.513333
79.45578, 98.95730000000003, 13.79
79.163742, 97.57943, 40.863334
78.60852, 99.08203000000003, 43.507942
79.105957, 97.68883999999997, 20.149999
79.482208, 100.00093999999996, 75.329765
79.377319, 99.86861999999996, 29.743333
79.683029, 100.27578, 21.488332
79.714874, 98.74005, 11.106666
80.332092, 99.17434999999995, 92.847503
79.658851, 98.33767, 13.671667
79.744369, 99.01471000000004, 40.833332
79.56314, 99.93616000000003, 17.725
79.532012, 97.7731, 43.904998
79.539939, 99.09948999999995, 27.965
79.771385, 98.47467, 18.76
80.04512, 99.93154999999996, 27.909999
79.699646, 99.52618999999999, 15.14
79.780082, 98.30698000000001, 13.956666
79.6081, 98.71960000000007, 20.739999
79.585311, 99.0394, 29.583334
79.816551, 97.82337000000001, 52.703205
79.872657, 98.41498000000001, 23.62738
79.657394, 100.61694999999997, 11.689999
79.563682, 99.33526999999998, 15.79
79.787078, 99.88973999999996, 27.463333
55.632041, 100.89004999999997, 49.143333
79.945716, 98.82242000000008, 29.976667
79.626251, 98.72720000000004, 45.955001
79.985275, 98.03812000000005, 105.64905
79.14035, 98.62018000000006, 16.058095
79.917038, 98.36590000000001, 27.266794
79.608062, 97.57418999999999, 31.145713
79.830848, 97.87398999999999, 68.741668
79.439437, 97.81445000000002, 36.599998
79.778801, 99.96304000000003, 70.525001
79.603721, 98.07705000000004, 18.92
79.717201, 98.66708, 51.208332
79.794181, 99.12537000000003, 17.841667
79.459381, 99.99142, 31.716667
79.446243, 97.79169000000002, 14.368332
79.489791, 99.68759, 36.169849
79.782592, 99.45291000000003, 38.34346
79.831016, 97.76959999999997, 30.659242
79.803825, 99.70577999999995, 25.686666
79.397865, 98.80099000000001, 20.11
79.7229, 101.69564999999994, 21.204999
79.606628, 99.64174999999994, 45.616516
79.646163, 97.97582999999997, 12.300714
79.84848, 98.06752999999998, 18.686666
79.70034, 98.30288999999999, 55.886665
79.629722, 99.13648, 76.380607
79.931114, 98.22787, 32.158332
80.078491, 98.39590000000004, 86.967025
79.530395, 97.93450999999999, 39.776668
79.928474, 99.09252999999995, 35.215
79.528533, 98.97374999999994, 21.8125
79.623008, 97.92840999999999, 86.883247
79.667907, 100.71192000000008, 42.897857
79.724388, 99.26748000000003, 14.366666
79.592651, 98.12900000000002, 12.729999
79.422508, 99.41220000000004, 42.128334
79.791618, 98.61197000000004, 29.475
79.84967, 97.42987000000005, 26.918846
80.038787, 100.52194999999995, 30.85106
79.489631, 98.00714999999997, 25.986211
79.953765, 99.26015999999998, 39.694999
80.144264, 98.33894999999995, 20.434999
79.478004, 98.35118999999997, 51.846763
80.013961, 99.86968999999993, 33.592575
79.99398, 100.53562, 23.411666
79.495765, 98.41309000000007, 18.394523
79.69133, 99.50528000000003, 9.668333
79.8721, 97.92681999999996, 10.449999
79.736579, 99.88186999999999, 29.782857
52.495609, 97.35241000000002, 27.158094
80.443336, 100.46346999999997, 134.71546
79.486274, 99.20236999999997, 71.885788
79.317672, 99.14153999999996, 20.588333
80.064292, 98.33463, 32.409763
79.405281, 99.89620999999994, 22.069999
19.79137, 104.23302999999999, 26.871666
80.29058, 98.91268999999994, 49.806667
79.886184, 99.28571, 8.4033336
80.17073, 98.35717000000005, 24.649999
79.514762, 98.33751999999998, 62.636665
79.893745, 99.20153999999997, 18.533332
79.363349, 101.34268000000003, 8.3716669
79.548736, 100.13241999999997, 24.161666
80.176101, 98.54449, 15.42
79.349021, 98.40725999999995, 20.371666
79.36531, 96.91326999999995, 16.639999
79.697967, 98.74777, 18.389999
79.616981, 97.47897, 18.846666
79.626815, 98.04731000000004, 89.783332
79.501258, 99.31417999999996, 35.547821
79.70317, 99.07870999999994, 35.080001
79.161842, 99.51302999999996, 39.27119
79.508232, 98.59344000000004, 18.048334
79.671958, 97.03775000000002, 112.20112
80.01522, 98.23334, 29.225
79.557258, 99.04666000000003, 65.562141
79.625114, 99.01383000000004, 117.08333
79.488975, 99.93334999999996, 28.479999
79.831024, 97.18421000000001, 23.221666
79.652984, 98.85675000000003, 27.179166
79.503608, 99.67388, 38.927547
79.407844, 100.29329999999999, 35.136665
79.22142, 97.88353999999998, 121.33166
75.711937, 98.83166999999997, 8.4483337
79.75032, 99.09881999999999, 50.701152
79.657486, 99.39188000000001, 63.578334
79.112777, 99.78348, 28.489999
79.470558, 99.59085000000005, 47.999523
79.495285, 98.45266999999996, 11.383333
79.675125, 98.84232000000003, 36.286666
79.35556, 99.77487000000002, 79.707496
79.791229, 98.98160000000001, 25.333334
79.70256, 98.35552999999999, 23.356666
79.412345, 99.38226000000003, 9.2849998
79.611747, 99.77117999999996, 27.031665
80.05989, 98.53088999999994, 56.994804
79.808868, 98.66873000000004, 27.256666
79.813629, 98.94432999999998, 37.508335
79.711082, 98.46593999999999, 18.395
79.747604, 97.82513000000006, 27.665
79.672149, 98.37976000000003, 32.93
79.66114, 99.14395999999999, 11.965
79.90271, 98.18847999999997, 27.896667
79.302581, 96.74462999999992, 10.014523
52.979549, 99.31594000000001, 48.526668
79.689102, 98.33334000000002, 28.441667
79.465103, 99.60544000000004, 21.291666
79.782768, 98.29349000000002, 34.93119
80.309433, 98.00660000000005, 70.928527
80.05648, 99.56095000000005, 22.691667
79.673019, 99.39797000000004, 21.444393
79.739959, 100.16106999999994, 92.571662
79.842399, 99.95886999999993, 60.766513
79.67649, 99.67646000000002, 11.623333
79.627594, 98.96469000000008, 36.638332
79.681007, 98.6488, 25.098333
79.463775, 98.83663999999993, 11.554393
79.84449, 99.02841000000001, 48.755001
79.357429, 99.79690999999997, 23.915
79.787109, 98.87344999999999, 38.325908
79.862777, 98.61614999999995, 24.291666
79.124656, 82.69491000000005, 20.606666
79.702285, 97.71823999999998, 8.8683328
79.738945, 99.40316999999999, 51.291667
79.999038, 97.72753999999998, 24.096666
79.708862, 98.37671000000006, 111.90231
79.915832, 98.83294999999998, 26.206666
79.737686, 101.62387000000001, 75.410003
79.279449, 99.47906999999998, 16.978332
79.869728, 98.46685999999994, 32.869998
78.950691, 98.95128999999997, 26.480384
79.163078, 99.08063000000004, 28.738332
79.637146, 98.52948000000004, 22.311666
79.628685, 98.81982999999997, 24.046667
79.88919, 98.18487999999996, 12.976666
79.377006, 100.21634000000006, 17.687381
80.124908, 98.6318, 16.741666
79.51448, 97.88388000000003, 22.136667
79.423622, 97.99685999999997, 40.867549
79.596229, 98.56863999999996, 26.876667
79.581367, 98.97780999999998, 20.151666
79.65271, 98.71884, 34.191665
79.866729, 98.14669999999995, 22.04
79.388694, 98.15596999999997, 8.1049995
79.974723, 98.85529000000002, 17.329999
69.131889, 100.11528999999996, 25.181667
79.279304, 101.55374999999998, 73.156761
79.836891, 99.88785000000001, 8.42
79.363266, 100.92534999999998, 17.101667
79.689788, 99.15929999999997, 24.933332
79.835449, 99.56238000000002, 10.869999
79.209526, 97.43732000000006, 15.218333
79.700935, 97.07399999999996, 40.718334
79.815971, 99.57473999999996, 18.715
80.226081, 98.82620000000003, 26.114999
79.616004, 98.28287, 28.262575
79.897689, 99.34536999999995, 49.291667
79.973403, 98.17777000000001, 47.629547
79.411293, 98.89254000000005, 17.145
80.04721, 98.95142000000004, 92.105148
79.590255, 99.29467999999997, 25.988332
79.941383, 98.82723999999996, 29.426666
79.690361, 98.24471999999997, 21.993333
79.576126, 100.23351999999994, 17.718334
79.975517, 100.79168999999996, 36.665
80.153694, 99.92093, 99.379783
79.950828, 99.19544000000008, 12.506667
79.051429, 97.73309, 24.333334
80.211967, 99.47385000000003, 24.77
79.650024, 99.92404000000005, 51.975196
79.707237, 98.26482999999996, 19.464048
79.312072, 98.02774000000005, 8.4966669
79.414024, 99.20009999999996, 22.375
79.416778, 99.11788999999999, 88.531669
79.822929, 98.62734999999998, 79.446929
79.75315, 99.4819, 11.83119
79.933235, 98.85208999999998, 14.576666
79.714088, 98.66901000000001, 23.333204
79.777549, 98.64752000000004, 22.7
79.755912, 99.57936999999998, 32.553333
79.645256, 99.52283, 28.27
79.856216, 99.63593000000003, 14.173333
79.554458, 97.70822000000004, 26.191667
79.846878, 98.42696999999998, 37.861667
79.387046, 99.53631999999999, 9.9140472
80.048828, 98.82208000000003, 26.063333
80.063102, 98.69006000000002, 17.675832
80.092536, 98.24472000000003, 24.785303
79.687385, 99.10205000000002, 49.575511
79.716903, 99.10040000000004, 45.561668
79.545158, 99.40857000000005, 26.183181
79.775489, 99.74746000000005, 11.368332
79.744529, 98.85641000000004, 57.001667
80.059562, 100.27848, 18.639999
80.121826, 99.13998999999995, 26.139999
79.414886, 99.64492999999993, 35.5
79.851371, 96.31684000000001, 24.954999
58.615779, 98.06988999999999, 40.923206
79.878837, 98.30481000000003, 32.729999
79.836456, 99.77700999999996, 30.028333
79.78614, 98.51986999999997, 11.689167
80.043884, 98.09686000000005, 33.341667
79.512168, 99.47860000000003, 37.62738
79.602668, 100.03555999999998, 61.769912
80.012252, 99.04104999999998, 14.236666
79.289993, 99.00747999999993, 24.106666
79.235244, 98.16494999999998, 32.205001
78.83982, 97.90512000000001, 20.508333
79.689117, 99.35627, 12.977857
79.794258, 100.45288000000005, 57.755001
79.940361, 98.98613999999998, 45.331428
79.886558, 97.39513999999997, 91.371429
79.483573, 98.07938000000001, 28.471059
79.207511, 97.52062999999998, 22.385
80.005638, 100.16706000000005, 20.671667
79.103134, 99.33417000000003, 23.703332
79.657646, 98.04445999999996, 50.580265
79.402626, 100.27010999999999, 32.740001
79.967895, 99.05615999999998, 42.95985
79.687446, 99.68268, 57.301471
80.177948, 98.46497, 24.166666
80.194885, 98.34803, 36.559166
79.793586, 100.55652000000003, 22.638334
79.935211, 99.16373000000004, 34.341667
79.505508, 99.66570999999999, 63.154762
79.545013, 99.55513999999994, 25.651666
79.960151, 97.38766999999996, 16.315
79.820907, 98.26968999999997, 36.605712
80.016799, 99.37644, 32.273334
79.445457, 98.97861000000006, 8.2607145
79.870697, 84.77981, 37.861427
79.317108, 98.36187999999999, 46.846569
79.502365, 98.85552999999993, 30.388334
80.310157, 98.86043999999998, 31.204999
79.59098, 98.43074999999999, 19.704999
79.616928, 96.77735000000001, 82.911666
79.571823, 98.44665999999995, 26.681667
79.587883, 98.51049, 76.910766
79.269455, 98.0754, 59.776668
79.746032, 99.35211999999996, 33.823093
79.740593, 97.43370999999996, 46.16119
79.669548, 99.88427999999993, 21.45
79.520973, 98.23721, 12.856666
79.788063, 99.04149999999998, 89.866012
79.707069, 99.49887000000001, 21.773332
79.14022, 98.90454, 34.11
80.232284, 99.56803000000002, 103.88166
79.46611, 100.86090000000007, 23.415
79.333755, 97.67099000000007, 10.593333
79.947616, 98.54329999999993, 26.043333
79.861892, 98.64758999999998, 46.788333
80.259903, 97.57060999999999, 57.669525
79.417274, 99.06344999999999, 14.538332
79.865493, 99.00774999999999, 21.096666
79.573333, 98.93210000000005, 34.456794
79.916267, 100.73279000000002, 30.698333
71.037292, 97.53543000000002, 8.6199998
79.672096, 100.56771999999995, 97.52819
79.412155, 100.81073000000004, 16.678333
79.427192, 100.03112999999996, 75.881668
79.679382, 82.49832000000004, 19.720714
78.917259, 99.74225000000001, 19.872575
79.834739, 99.08679999999998, 23.489999
79.893966, 100.05617999999993, 22.237857
79.746589, 98.75330000000002, 25.381666
41.710018, 100.37655999999998, 14.145
79.948715, 98.46004999999997, 14.098333
79.461097, 98.2344, 21.622179
79.590827, 99.05792000000002, 40.005832
79.6483, 99.15588000000008, 16.308332
77.16542, 100.35759999999999, 65.771156
78.910659, 98.82494999999994, 55.212917
79.709449, 98.56332000000003, 26.078332
79.473564, 98.91244999999998, 39.546665
79.537658, 98.43121000000002, 28.47619
79.628944, 97.78818000000001, 18.708334
79.469596, 97.27112, 18.466667
79.561759, 98.56020999999998, 19.665512
79.656127, 99.65157999999997, 30.415
79.896728, 98.76531999999997, 27.059999
79.724632, 97.92257999999998, 62.06295
79.671676, 100.65536000000003, 67.675003
79.749259, 97.6293, 20.031665
79.67662, 98.40390000000002, 27.724046
79.639411, 97.81589000000002, 28.565
79.598884, 98.14477, 42.279048
79.786537, 98.06656000000004, 34.509525
79.721466, 98.43671, 40.623333
80.333587, 99.01669999999996, 9.7866668
79.732963, 99.76285000000001, 36.093334
79.478401, 99.63443000000001, 14.18119
80.152267, -1125.8184099999999, 11.681666
79.470077, 98.31910000000005, 70.969032
80.446273, 98.11733999999996, 80.106666
79.751472, 98.35387999999995, 22.869545
79.522712, 97.94537000000003, 25.444999
79.582519, 100.68630999999999, 26.351667
79.145759, 100.31856999999997, 19.031665
79.842559, 100.27012000000002, 32.458332
79.394447, 98.87407999999994, 15.074999
79.744842, 98.11627000000004, 93.249801
79.626869, 98.45535999999998, 113.6823
79.696838, 98.13470999999998, 21.513334
77.313552, 99.20343000000003, 42.259582
79.711219, 98.82601999999997, 23.546667
79.206184, 100.09328999999997, 23.119167
79.745719, 99.10998000000006, 32.326793
79.679237, 99.06329999999997, 8.1833334
79.310684, 99.60360000000003, 56.603332
79.869613, 99.35924999999997, 28.558332
79.457977, 98.90176000000002, 22.747381
79.4906, 99.65361999999993, 35.555
79.620986, 99.00333000000006, 8.17
79.256965, 100.01159999999999, 25.141666
79.434402, 100.41449000000006, 12.931666
79.762977, 98.61032000000006, 52.515197
80.307144, 98.16219999999998, 34.211666
79.330078, 98.85138, 35.022499
79.402366, 100.00702000000001, 10.729999
79.721946, 99.01186999999993, 29.284523
79.307006, 98.22820999999999, 36.866664
79.439895, 97.49344000000008, 10.207381
79.348884, 98.48514, 38.741664
79.645828, 98.17342999999994, 24.751667
79.552711, 100.44021000000004, 45.538845
79.45079, 97.71689000000003, 26.713333
79.935363, 99.20916, 35.353332
79.085281, 99.65961000000004, 8.1149997
79.33818, 99.29926, 14.915
79.372192, 98.57532000000003, 22.907857
79.913414, 99.50854999999996, 21.164524
79.650581, 97.19833, 17.034999
80.025207, 99.30777, 29.686189
79.835327, 100.05687999999998, 30.806667
79.76612, 96.97000000000003, 9.876667
79.457344, 98.27256, 19.242576
79.629646, 99.10709000000003, 9.4416666
80.025886, 98.91275000000002, 33.753093
79.668342, 99.16846000000004, 15.051666
79.179908, 97.51723999999996, 22.637857
79.344512, 100.29757999999993, 24.463094
80.084739, 99.02152000000001, 38.281665
79.266754, 98.76562999999999, 16.709762
80.012565, 99.44297, 40.12318
79.779678, 99.13629999999995, 20.63738
79.579032, 99.68121000000002, 14.05
79.85765, 99.46561000000003, 29.488332
80.179809, 98.28118999999998, 10.993332
79.774528, 98.55108999999999, 16.586666
80.048957, 98.81904000000003, 68.468849
79.646003, 98.89048000000003, 80.348808
79.71759, 98.34159, 26.758846
79.907966, 98.01956000000007, 13.02119
79.372016, 99.92626999999999, 27.588333
79.403678, 99.27074999999996, 13.303333
79.871452, 100.61676000000006, 16.265832
33.243011, 104.50014999999996, 43.714393
79.829567, 100.02307000000002, 44.859165
79.913093, 98.26944000000003, 74.988334
79.949516, 98.66894999999994, 15.765
78.985099, 96.54620999999997, 27.989999
16.433099, 110.09039000000001, 13.906666
79.335693, 98.45037999999994, 9.8299999
72.333274, 100.43131000000005, 28.309166
79.459075, 98.67981000000003, 17.264999
79.640808, 98.69161999999994, 30.308332
79.609527, 98.24716000000001, 53.780883
79.63446, 99.74649, 109.87978
75.958114, 98.93520999999998, 23.171667
79.820457, 99.42534999999998, 26.291666
79.393753, 98.87847, 23.708334
79.869445, 98.91183000000007, 11.096666
79.92733, 98.73816, 13.763333
78.836189, 100.54727000000003, 41.959999
79.652648, 100.24130000000002, 47.705001
79.326141, 99.28982000000002, 12.671667
79.853515, 99.39193, 22.69
79.083999, 99.37178999999998, 23.545513
79.963821, 98.24884000000003, 32.023334
79.56475, 98.75351000000006, 19.079999
79.968566, 99.69299999999993, 19.761667
79.838256, 98.50720000000001, 19.674999
79.804885, 98.62847000000005, 57.779048
79.964416, 99.67838000000006, 30.031665
79.49369, 98.43506000000002, 32.810001
79.231857, 100.10971, 41.111667
79.722061, 97.55337000000003, 23.463333
79.554122, 99.13274999999993, 20.823333
80.025383, 99.19064999999995, 11.225
79.647857, 99.41347999999994, 10.793333
79.818382, 98.92673000000002, 15.211667
79.631782, 98.45148, 35.633335
80.098442, 99.18502999999998, 65.318336
80.053146, 99.58490000000006, 29.11
79.633216, 99.95346, 102.08
80.04145, 99.13015999999999, 27.429166
79.857681, 98.29022000000003, 22.875
79.632766, 97.82613999999995, 17.959999
79.570831, 98.76842999999997, 52.572143
79.963501, 98.24572999999998, 8.2966671
80.207946, 97.97994999999997, 28.075
79.674232, 98.85561999999999, 21.735
80.000045, 99.27035999999998, 26.109167
79.597496, 98.16242000000005, 67.670097
79.450653, 98.67894999999993, 17.408636
79.48719, 97.54782, 30.463333
79.516441, 98.83694999999994, 18.983333
77.941146, 100.22073, 43.966281
79.755607, 97.26138999999995, 10.576666
79.885925, 98.84811999999994, 33.912498
79.289527, 99.30389000000002, 58.482917
79.740303, 100.28757000000007, 34.77
79.711952, 98.90463000000005, 37.421154
79.664558, 98.84020999999996, 74.319999
79.329841, 98.60672, 13.283333
79.927177, 99.69687000000005, 27.003334
79.959373, 99.27655000000004, 171.71608
79.763908, 98.13934, 67.144996
79.926757, 99.39417000000003, 36.318332
79.70684, 98.79552999999999, 14.302499
79.984596, 98.15946000000002, 67.166664
79.755821, 100.49164000000002, 16.246429
79.487358, 98.49565999999993, 18.731666
80.245422, 98.82788, 44.977726
79.379585, 99.80556999999993, 13.324999
79.904594, 98.71694999999994, 29.577381
79.546134, 98.40236999999996, 47.809902
79.486885, 97.30829, 20.895
79.605651, 99.30112000000003, 27.733333
50.711521, 101.47415000000001, 15.005
79.349754, 100.40960000000007, 13.538332
79.560295, 99.25460000000004, 29.084999
79.777824, 99.13668999999999, 19.593334
79.622688, 99.00861000000003, 14.995833
79.37722, 99.80523999999997, 41.659763
79.69918, 99.02747, 23.389165
79.987335, 99.14248999999995, 37.309581
79.417488, 100.06586000000004, 18.885
80.18663, 98.21343999999993, 45.998333
80.001106, 98.47341999999998, 18.167856
78.882629, 98.30780000000004, 16.54738
79.866851, 99.10498000000001, 35.122573
79.781402, 98.34148999999996, 29.876667
79.939971, 98.14276000000001, 36.048332
79.4421, 98.86014000000006, 25.646667
79.747886, 100.15509000000003, 36.130001
79.555259, 99.32098999999994, 16.221666
79.340271, 98.47873000000004, 67.481666
79.946937, 98.35928000000007, 13.153333
80.056945, 99.62390000000005, 31.768333
79.750358, 99.93707, 29.593334
79.811325, 99.70499000000001, 19.976667
79.749038, 98.94028000000003, 98.118675
79.940895, 97.87996999999996, 22.443332
80.030403, 100.57427999999999, 22.87
79.937294, 97.24027000000001, 9.395833
79.572731, 99.35665999999998, 32.028331
79.56163, 101.77034999999995, 30.502878
79.59938, 98.81689000000006, 17.811666
79.715164, 99.53783999999996, 23.586666
79.730957, 98.89858999999996, 16.524999
79.724609, 98.85071000000005, 8.8166666
79.426216, 98.39672999999993, 48.346668
78.730217, 99.26572000000004, 56.129386
77.57965, 98.0849, 59.219036
80.087646, 99.61239999999998, 27.542499
79.983291, 98.03945999999996, 26.719999
160.94676, 98.35372999999998, 58.756408
79.808479, 99.87442000000004, 79.519996
79.92453, 99.05899000000005, 23.755832
79.653839, 98.90773999999993, 26.836538
79.555625, 98.17859000000004, 43.113334
79.791008, 98.70775999999995, 53.748333
79.037483, 99.31689999999998, 17.655
79.69635, 99.70794000000001, 12.373333
79.419479, 99.96130000000005, 50.451427
79.834533, 98.96838000000002, 81.823715
79.19252, 99.95616999999993, 19.833334
79.924308, 99.19595999999996, 17.323333
79.633476, 98.75046000000003, 26.048334
79.826271, 99.19549999999998, 63.341426
79.579795, 99.61275999999998, 94.330001
79.824401, 99.85697000000005, 25.576665
79.44271, 101.01877000000002, 56.806667
79.386329, 97.89433999999994, 38.451061
80.162696, 100.11897999999997, 27.511667
79.189956, 98.74014999999997, 26.614999
79.715248, 99.71528, 59.118331
79.631721, 99.06140000000005, 28.35
70.314521, 98.13601, 57.336666
79.429794, 99.69305000000003, 55.161968
79.602844, 98.84860000000003, 75.378334
79.520172, 97.52735000000001, 32.881668
79.767639, 99.14187000000004, 27.506666
80.318946, 98.57105000000001, 20.76
79.130096, 98.83758999999998, 24.0
79.830711, 99.64823000000001, 19.193096
79.88256, 98.91135000000003, 42.439998
79.464668, 98.31383999999997, 32.756668
79.65979, 101.04216999999994, 23.325
79.515121, 99.25598000000002, 32.53976
79.342132, 98.63011999999998, 43.643096
79.237625, 100.07372999999995, 12.151666
79.725479, 99.31998000000004, 67.190002
79.784919, 97.10586, 23.064523
79.817581, 98.75063999999998, 16.564394
80.005157, 97.95605000000006, 38.982856
79.700714, 99.14114000000001, 41.599998
79.941223, 98.65295000000003, 38.424606
79.445465, 98.66373000000004, 76.769996
79.583503, 99.82343000000003, 52.311275
80.300109, 98.76812999999999, 20.423095
80.270553, 99.39972, 21.675832
79.77906, 98.71987999999993, 29.138334
79.477462, 99.83301, 26.489166
79.913475, 97.55145000000005, 19.44
79.432914, 98.69873000000001, 17.968334
79.803756, 98.97341999999998, 11.54
80.215538, 99.69738999999998, 13.843333
78.73767, 99.49925999999994, 66.636283
79.998031, 100.21573000000001, 28.091667
79.938995, 97.92140999999998, 28.978332
79.323844, 100.40200999999996, 24.688333
80.046363, 99.10028, 14.694999
79.561386, 99.53548999999998, 9.1724996
80.219879, 98.17514000000006, 33.634998
79.890861, 99.91683999999998, 24.401666
79.394844, 98.72115999999994, 11.59119
79.342834, 99.19458000000003, 9.1566667
79.238845, 98.86617999999999, 16.911666
80.007354, 98.19368999999995, 46.531665
80.348297, 98.26033999999993, 66.084564
79.340782, 99.31089000000003, 16.671667
80.07302, 98.89876999999996, 13.618332
79.484382, 100.14178999999996, 20.958334
79.172111, 100.12975999999998, 26.985
79.540237, 97.45458999999994, 33.650383
79.306633, 98.67947000000004, 35.224395
79.674453, 96.60543999999999, 34.352577
79.610862, 99.48910999999998, 25.63738
79.698455, 98.89281999999997, 23.169872
79.999046, 98.28787, 26.979999
79.324073, 98.45904999999999, 24.339166
79.664413, 98.83984000000004, 27.704999
79.097145, 100.02468999999996, 28.638334
79.896629, 99.18341000000004, 29.786539
79.510955, 99.83028999999999, 20.288095
79.594696, 97.65897000000007, 27.050714
79.664718, 97.24459999999999, 37.017379
79.500907, 98.70752000000005, 54.005302
79.783691, 99.36306999999994, 36.146667
79.979507, 98.36950999999993, 107.28212
79.972366, 99.66165000000001, 36.826667
79.706001, 98.79793999999998, 60.450099
79.884773, 99.66549999999995, 89.546051
79.74324, 98.56749999999994, 42.740001
79.75978, 98.06696, 117.66547
79.322464, 98.21938999999998, 36.893333
79.328773, 98.73242000000005, 137.40594
79.959205, 99.00704999999999, 13.926666
79.58934, 99.20168999999999, 20.29
78.852836, 99.80849999999998, 24.938333
79.966682, 98.32562000000001, 105.12564
79.418602, 99.41486000000003, 11.203332
79.554924, 98.63333, 24.638334
79.358749, 99.23514000000006, 46.729583
79.224639, 99.70105000000001, 25.098333
79.344802, 99.23147999999998, 64.36
79.351661, 97.85075999999998, 22.779544
79.465324, 99.03316999999998, 18.476667
79.723487, 99.70501999999993, 17.801666
79.256172, 99.40520999999995, 46.918335
80.133087, 98.83014000000003, 17.834999
79.528419, 99.41314, 18.815
80.205825, 98.40143, 59.685703
79.564369, 99.30185000000006, 45.715
79.74765, 100.24213000000003, 20.354999
80.012535, 99.22291000000001, 85.629997
79.811706, 99.01047, 37.61
79.533836, 99.37246999999996, 48.013332
79.827064, 98.82584000000003, 27.481189
79.976829, 99.26883000000004, 49.4925
79.234268, 99.58521000000002, 41.091667
79.746841, 98.76273000000003, 34.127857
79.698967, 98.84234999999995, 22.736665
80.210662, 98.41802999999999, 56.991664
79.690765, 98.8392, 44.965
79.190635, 99.31903, 27.879762
79.934501, 99.19710999999995, 73.692916
79.884246, 97.83737000000002, 65.128334
79.890968, 98.46491000000003, 8.6999998
79.560997, 98.76129999999995, 26.826665
79.228675, 99.48415999999992, 35.419166
79.945152, 99.37558000000001, 55.220127
79.467552, 99.53946000000002, 65.706665
79.549629, 98.19290000000001, 19.933095
79.458389, 100.20304000000004, 82.300003
79.613914, 98.69045999999997, 34.962501
79.400299, 99.28356999999994, 13.821666
80.066352, 97.99590999999998, 44.11
79.846176, 98.13757999999996, 11.159848
79.688667, 99.29834, 46.439582
79.681747, 98.90639999999996, 31.669849
79.807426, 99.31616999999994, 20.731666
79.668846, 98.94039999999995, 22.291666
79.348236, 98.22793000000001, 27.283182
79.843872, 99.60930999999994, 37.733718
80.015831, 99.61631, 58.236251
79.316398, 98.23926, 39.573719
79.300392, 99.02087000000006, 8.5283336
80.094139, 98.33251999999999, 16.736665
80.280212, 99.67169999999999, 17.883333
79.809288, 99.84152, 25.921667
70.628295, 99.06436000000002, 33.223331
79.835517, 98.75969999999995, 24.486429
80.069725, 99.85840000000007, 31.395
79.718147, 99.62311000000005, 38.966667
79.483947, 98.42996000000005, 26.809999
78.891113, 98.29280999999997, 11.915
79.903762, 98.85924999999997, 41.079525
79.62667, 99.71417000000002, 11.823333
80.189796, 98.30666999999994, 16.588333
79.679924, 98.81264999999996, 8.9700002
79.786865, 97.88533999999999, 32.733181
79.588363, 99.06774999999999, 46.546665
79.88507, 99.42403999999999, 45.915714
79.581146, 98.63900999999998, 12.104999
79.577461, 98.98452999999995, 26.44
79.234787, 99.28542999999996, 45.724998
79.709137, 98.27493000000004, 38.963333
79.874733, 100.01632999999993, 18.526428
79.401687, 99.34644000000003, 20.92
79.422088, 99.50965000000002, 59.558334
37.242916, 104.60086000000007, 58.956665
79.64138, 98.92291, 25.651666
79.571624, 100.47027000000003, 33.71976
79.350692, 99.56729000000001, 29.286666
79.533103, 98.71499999999997, 12.948333
79.643592, 99.62711000000002, 37.072856
79.893035, 98.35897000000006, 38.598094
79.795379, 98.83385999999996, 30.88619
80.085182, 98.60918999999996, 28.723333
79.886047, 98.31572999999997, 26.844999
79.93721, 98.09640999999993, 21.954999
79.249458, 98.56278000000003, 8.9266662
79.385101, 98.27386999999993, 14.463333
79.497787, 99.28661999999997, 24.338333
79.789169, 98.02508, 33.243331
79.741867, 99.73946999999998, 54.549999
79.077957, 97.17117000000002, 19.196666
79.082466, 99.97754000000003, 28.796667
79.678665, 97.45873999999992, 24.274999
79.148994, 98.39671999999996, 31.25
79.34896, 98.6626, 21.08119
79.717804, 99.01612, 57.329048
79.675476, 99.28262000000001, 23.418333
79.543273, 98.69931000000003, 24.653333
79.704269, 97.63904000000002, 14.524999
78.728324, 98.07363999999995, 37.228332
79.657852, 99.09906000000001, 62.708507
79.784431, 97.42156999999997, 28.993095
79.598091, 97.97009000000003, 28.735834
79.487945, 99.30520000000001, 15.778333
79.822746, 97.95301, 11.641666
79.786987, 99.30909000000003, 28.76
80.076011, 100.57343000000003, 13.848333
79.80223, 99.28943000000004, 57.435001
79.475517, 99.28210999999999, 35.707859
79.879135, 97.86392999999998, 110.03167
79.088897, 98.07820999999996, 17.604999
79.132499, 99.20917000000003, 57.380001
79.736145, 99.31006000000002, 47.403236
79.574783, 98.08574999999996, 19.709999
79.748558, 98.67403999999993, 30.391666
79.656646, 99.05431999999996, 72.446662
79.516197, 99.13298999999995, 46.525001
79.446632, 100.59555000000006, 117.05078
79.394905, 98.76382999999998, 20.904523
79.638099, 97.05447000000004, 22.209999
79.902877, 98.86809999999997, 15.063333
79.394523, 98.48276000000004, 26.288333
79.763076, 99.21996999999993, 14.683333
34.415245, 103.24230999999997, 19.811666
79.432823, 99.79230000000001, 23.446666
79.535728, 98.58204, 22.129999
79.906898, 100.23654000000005, 43.743331
79.550819, 100.66083000000003, 18.003334
80.171157, 98.46680000000003, 72.136665
80.078552, 99.80764999999997, 22.506666
79.252594, 98.64400999999992, 30.884393
79.874351, 98.07547, 18.913333
79.585716, 97.88556, 10.398333
79.764587, 98.51193, 27.968334
79.979538, 98.68661000000003, 17.838333
79.958335, 96.80636999999996, 32.718135
79.956817, 98.80200999999994, 35.573181
79.620445, 100.19069999999999, 33.884525
79.854599, 99.77884000000006, 39.866794
79.169632, 100.08596999999997, 23.125
79.922111, 98.42455999999999, 79.496666
79.273941, 100.66507000000001, 23.216667
79.533569, 99.93995000000001, 34.462501
80.025909, 99.13611000000003, 13.749761
79.805519, 97.15963999999997, 25.948333
79.302932, 98.81846000000007, 33.343334
79.421638, 99.89546999999999, 23.816667
79.976448, 99.43768000000006, 88.28083
79.282409, 99.33761000000004, 40.404998
79.460945, 100.12356999999997, 10.493332
79.513481, 98.79349000000002, 22.923334
79.936042, 100.09307999999999, 44.036666
79.514671, 98.93547999999998, 67.123336
79.699775, 98.71805000000006, 15.666667
78.957473, 97.79388999999998, 23.231666
79.969093, 98.15566999999999, 13.651666
79.342132, 99.59985000000006, 36.086666
79.622283, 99.63634999999994, 61.296665
80.060363, 97.53731999999997, 27.969165
79.667709, 98.63986, 27.783332
79.837814, 99.96620999999999, 40.745716
79.368995, 100.16521999999992, 12.225
79.464378, 98.57138000000003, 36.44738
79.353942, 99.74115, 29.039167
79.671569, 100.22497999999996, 16.381666
79.819282, 98.17185000000006, 48.803333
79.955329, 97.82299999999998, 11.300714
79.644004, 97.54156999999998, 30.586666
79.929954, 98.84708, 31.019762
79.338874, 100.71094000000005, 26.586282
79.277442, 99.65671000000003, 18.28
79.606086, 99.73551000000003, 14.016666
79.156837, 99.34072999999995, 27.956666
79.876686, 98.41789999999997, 32.196666
79.803863, 96.94924999999995, 54.273334
79.70771, 99.42407999999995, 28.734046
79.418991, 99.41335999999995, 51.544998
79.73545, 99.32983000000002, 24.475
79.64598, 99.00027, 46.732856
79.539627, 98.76043999999996, 26.831666
80.055252, 99.29672, 28.649999
79.970108, 98.38065, 11.609999
79.777229, 100.40856999999994, 11.258333
79.569557, 98.15044999999998, 55.792369
79.619316, 99.62480999999997, 47.843334
79.433479, 97.18393000000003, 40.068332
36.528438, 103.94515999999999, 22.729583
80.178405, 99.17942000000005, 48.188331
79.745758, 99.32574999999997, 12.635
79.465316, 99.18961000000007, 49.524486
79.553154, 100.0514, 15.738333
79.540039, 99.68865999999997, 20.049999
79.837516, 98.14675999999997, 25.747858
49.534778, 100.19064000000003, 60.949115
79.72583, 98.44712000000004, 41.213333
80.002082, 99.51675, 20.106212
79.512771, 97.86993999999993, 25.917381
79.484474, 99.87261999999998, 35.02
79.54985, 99.63837000000001, 28.721666
80.019577, 98.99704000000003, 16.478332
79.3983, 98.59435999999994, 23.816667
79.897377, 98.60578000000004, 29.153333
79.849632, 97.37618999999995, 43.338333
79.673591, 99.02629999999999, 39.486667
79.273353, 100.02441000000005, 61.948333
79.700073, 99.10627000000005, 31.416666
79.745224, 99.08672999999993, 27.306667
79.589569, 97.47048999999998, 18.956666
79.828628, 99.1737, 24.023332
79.5298, 98.49787000000003, 31.266666
79.201843, 98.72250000000003, 23.069999
79.719589, 98.62326000000002, 51.691665
79.972221, -571.0468000000001, 28.87
79.532959, 98.97060999999997, 12.984999
79.598747, 98.88210999999995, 30.661666
79.210777, 99.62468999999993, 24.504999
79.570282, 98.49257999999998, 22.125
79.541122, 99.34546, 18.518333
79.351615, 100.16759999999994, 28.17
79.60569, 100.60358000000008, 12.316666
79.050613, 98.64194000000003, 17.649166
79.587074, 99.27774000000005, 43.514999
79.136604, 99.37924000000004, 9.6499996
79.764808, 98.37686000000002, 51.590129
79.582283, 100.13824999999997, 40.850128
79.327453, 99.65683000000007, 21.546667
79.063484, 100.09576000000004, 38.049614
78.800895, 99.34826000000004, 23.966667
79.492141, 98.8064, 36.009998
80.146438, 99.38409000000001, 16.756666
79.291748, 99.85763000000003, 38.889999
79.420204, 99.25903999999997, 28.553333
79.713432, 97.98770000000007, 30.395834
79.882736, 100.26349000000005, 38.73106
79.4664, 97.42832000000004, 21.62
79.619819, 100.61322000000001, 26.77
79.701965, 98.92270000000002, 20.041666
79.538192, 99.06762000000003, 22.381666
79.932701, 100.19101000000006, 38.926666
79.617599, 99.85602000000006, 21.565
80.21199, 99.54147000000006, 29.263334
79.583709, 98.06040000000007, 17.944999
79.940979, 100.00357000000002, 21.449762
79.231041, 98.74740999999995, 12.404999
79.26017, 98.42721, 13.511666
79.00077, 97.40881000000002, 21.453332
79.724327, 99.95428999999996, 28.403717
79.703369, 100.87787000000003, 9.085
79.933197, 99.41031000000004, 49.896568
79.930213, 97.72311000000002, 13.378333
79.726287, 100.13141000000007, 74.449996
79.272049, 100.25989000000004, 24.231666
79.541877, 97.60355000000004, 26.465
79.87696, 99.48858999999993, 30.659166
79.944679, 99.03640999999999, 61.104999
79.77127, 100.24835999999999, 30.671667
79.194191, 99.20394999999996, 24.34
27.817213, 100.98984000000002, 33.351665
79.880004, 100.32628999999997, 9.3816671
79.76065, 98.77175999999997, 59.523334
79.434364, 99.12496000000004, 9.3666667
79.649551, 100.02972, 8.4316663
79.437049, 98.61270000000002, 34.204525
79.328605, 101.22219000000001, 38.049999
79.311485, 99.42562999999996, 32.895511
79.389549, 99.33419999999995, 60.633598
79.545837, 100.36371000000003, 10.901666
79.539451, 98.58159999999998, 20.575
79.463279, 99.16418999999996, 23.841428
79.779205, 98.46262000000002, 31.684999
79.653427, 100.25584999999995, 53.929523
79.365524, 100.22823999999997, 8.8500003
79.735382, 98.96680000000003, 27.472059
79.490654, 98.60705000000002, 16.978332
79.951217, 98.75844999999998, 19.038333
79.636947, 98.69439999999997, 22.155
79.63237, 98.98760999999996, 35.439872
79.591041, 99.14245000000005, 19.67
79.751586, 99.53696000000002, 22.071666
79.502677, 100.40420999999998, 36.517726
79.86692, 99.71535999999998, 83.261665
79.688056, 98.19197999999994, 13.25
79.21566, 100.06286000000006, 20.923334
79.5914, 98.75714999999997, 80.683593
79.605278, 99.99077999999997, 9.7783336
79.924385, 99.36432000000002, 12.125
79.488433, 97.23965999999996, 38.063331
79.767486, 100.07445999999999, 32.545303
79.29113, 100.24413999999996, 55.166667
79.624969, 99.74108999999999, 20.683332
79.663604, 99.84796000000006, 47.756668
79.371612, 98.79061999999999, 21.296428
79.134491, 96.68279999999999, 22.576665
79.359825, 98.05243000000002, 13.573333
79.675544, 98.30811, 13.765
79.705024, 98.79415999999998, 25.783332
79.674659, 98.50833000000006, 57.012367
79.658622, 98.32102000000003, 53.983333
79.805892, 98.10507000000001, 67.243331
79.977012, 98.84350000000006, 31.056514
79.577468, 99.20080999999993, 50.318847
80.145759, 99.21945, 26.779167
79.715782, 98.91806000000003, 29.096538
79.734619, 99.82524999999998, 43.759582
79.219978, 98.24587999999994, 29.328332
80.04216, 98.91116, 28.78
79.048728, 100.28674000000001, 21.145
79.910491, 98.02713, 15.486666
80.064109, 98.55142000000006, 9.4530954
79.730827, 98.96823, 41.241664
79.798011, 99.63118999999995, 24.623333
79.46569, 98.15656000000001, 61.286251
79.517257, 98.26669000000004, 85.995002
79.642784, 98.08832000000001, 23.583334
79.298706, 99.67602999999997, 21.864522
79.633461, 98.11349999999999, 21.053333
80.125755, 98.53928000000002, 21.238332
79.666214, 97.28713999999997, 48.603332
62.509067, 99.02620999999999, 65.572143
79.688171, 97.31112999999999, 33.27
79.787071, 98.16732999999999, 61.969524
79.53218, 97.77593999999993, 73.253257
80.350868, 100.21573000000006, 48.601154
78.957618, 99.41434000000004, 26.346666
80.259017, 99.28619999999995, 71.077819
79.496437, 98.34058000000005, 28.27106
79.559013, 99.37628000000007, 21.008333
79.53926, 98.91708, 39.408332
79.554138, 100.67791000000005, 48.515514
79.35456, 97.74304999999998, 28.649999
79.435485, 98.32238999999993, 18.159999
79.575126, 98.28979000000004, 16.063095
79.309219, 99.23525999999998, 56.511154
79.250373, 98.60729999999995, 23.11119
79.97116, 99.84136999999998, 13.529999
79.719245, 98.50759999999997, 46.998333
79.607772, 99.44201999999996, 29.284999
79.399459, 99.63040999999993, 29.899999
79.591636, 100.12380999999993, 14.425833
79.521652, 99.00436000000002, 25.25
80.027832, 98.18666999999999, 55.552574
78.804763, 98.28769000000005, 41.219871
79.750854, 100.32869999999997, 27.52
79.794273, 97.93402000000003, 27.893333
79.4972, 99.68234000000001, 45.43
79.953643, 99.49189000000007, 22.643333
80.064041, 98.09708, 36.202858
79.598022, 97.96789000000001, 14.373333
79.391151, 99.48604999999998, 14.918333
79.629966, 97.97165000000007, 34.417858
79.464508, 100.60885999999994, 59.103332
80.029205, 98.53534000000002, 23.239999
79.476036, 98.27154000000007, 46.233333
79.657173, 99.55154000000005, 15.151666
79.786872, 99.48767000000004, 35.685001
80.334838, 99.14788000000004, 12.338333
80.039421, 99.14398000000006, 61.641666
79.878753, 98.33733999999998, 48.89619
80.242363, 99.31888000000004, 9.9445238
79.732132, 99.2038, 33.971668
79.274208, 98.92212, 28.753334
79.653602, 97.51773000000003, 51.944999
79.359771, 97.30685, 22.069761
79.502624, 98.23291, 22.951665
79.648788, 100.66211000000004, 78.650604
79.462486, 98.73440000000005, 16.966667
79.884971, 98.84560999999997, 34.62976
79.604675, 98.24097000000006, 12.595
79.21965, 98.73099000000002, 59.382576
79.178054, 98.14362, 16.213333
79.968483, 98.46755999999999, 9.3050003
79.921371, 99.18368999999996, 15.021666
79.64405, 98.61425999999994, 28.115833
79.746421, 98.38388000000003, 15.526666
79.829498, 100.03916000000004, 21.319761
79.764831, 98.63406999999995, 17.49197
79.566535, 98.81354000000005, 37.650001
79.609703, 98.04870000000005, 10.573333
79.029914, 98.53885000000002, 14.48119
79.299102, 99.49941999999999, 13.038332
79.727317, 97.41759999999994, 13.353333
79.381752, 98.53515999999996, 53.69976
79.424499, 99.79488999999995, 51.809444
79.423591, 96.93347000000006, 37.983463
78.922042, 99.34707000000003, 14.71
79.376373, 100.05261000000002, 17.052179
80.01387, 98.95128999999997, 21.526666
79.603179, 98.97994999999997, 37.034999
79.455329, 97.64110999999997, 18.653333
79.548828, 99.26190000000003, 15.954999
79.920707, 97.01981, 24.736665
79.608436, 99.23791, 17.366666
79.737411, 99.39306000000005, 47.011665
79.415504, 99.43221999999997, 36.330001
79.69429, 97.73969000000005, 14.54
79.801986, 98.02627999999999, 14.453332
79.325698, 98.00535000000002, 21.664524
79.828361, 97.94959, 49.171665
79.974212, 99.25411999999994, 35.38591
79.617233, 99.69367, 35.821189
79.628158, 97.69635, 9.7183332
79.689682, 100.01407, 10.725
79.136245, 98.64837999999997, 33.646667
79.696044, 100.13894999999997, 54.588527
79.427307, 99.26163000000003, 31.476249
79.271392, 99.78243999999995, 32.740001
79.504974, 99.21191999999996, 10.52
79.612388, 99.26397000000003, 68.081665
79.845344, 99.74725999999998, 44.075511
80.05487, 98.44792999999999, 19.036428
80.035301, 98.83709999999996, 33.222576
159.98388, 99.51199000000003, 46.796905
80.231765, 98.03130999999996, 25.642948
79.629585, 98.68179000000003, 24.653333
80.085624, 99.81195000000002, 51.622856
79.984581, 98.94344999999993, 29.938333
79.278137, 98.34472, 77.848335
79.41587, 99.53710999999998, 55.041667
79.280021, 99.40405000000004, 17.271667
79.360488, 98.96645999999998, 41.43
79.891273, 98.18950999999998, 17.698333
80.071266, 99.61480999999998, 47.119167
79.980964, 99.12508999999994, 17.488332
79.731765, 99.01126, 27.44
79.460449, 99.01056, 23.531665
79.598289, 98.35907000000003, 24.299999
79.949325, 97.88306, 30.008333
79.939071, 98.69651000000005, 48.650001
79.631622, 98.68777000000006, 68.324806
79.235221, 99.29983000000004, 40.130001
79.308692, 99.30630000000002, 98.155174
79.526535, 98.97879, 30.306667
80.617256, 96.98845999999998, 18.703205
79.304122, 100.54974999999996, 15.588333
79.79383, 97.44593000000003, 28.299242
79.404159, 99.67582000000004, 26.782878
79.938819, 100.18651999999997, 42.618331
79.425506, 98.94072999999997, 13.726666
34.166755, 101.36288000000002, 42.226665
79.453239, 97.77625000000006, 25.498333
79.272155, 99.54416000000003, 42.27238
79.822372, 99.20584000000002, 48.946666
79.189537, 98.91149000000007, 146.84666
79.965461, 99.28952000000004, 35.441665
79.394744, 98.76968, 20.795
79.891685, 99.33142000000004, 15.643333
79.200904, 98.33511000000004, 34.094608
79.619331, 98.50274000000002, 59.161666
79.663925, 98.71262000000002, 44.306667
79.649147, 98.57720999999998, 26.651666
79.387634, 100.84693000000004, 44.756053
79.685279, 98.80185000000006, 11.751667
79.809463, 99.73398000000003, 19.608333
79.493576, 98.20787999999999, 22.017856
79.335357, 98.64280000000002, 16.036666
79.962425, 99.75930999999997, 11.851666
79.609649, 98.11565999999999, 90.51667
80.027343, 97.15439000000003, 10.915
79.343299, 98.20889, 41.299167
79.607246, 99.56256000000008, 10.731666
79.944206, 99.15825999999998, 23.683332
79.977302, 98.90802000000002, 28.381666
79.970008, 98.33135999999996, 20.396667
79.689193, 97.81549999999999, 37.175304
79.706466, 98.33080999999999, 25.079999
79.989074, 98.20990000000006, 9.0633335
36.183437, 102.65872000000002, 31.405
79.870018, 99.68316999999996, 22.949167
79.741844, 99.10640999999998, 26.078332
79.443367, 98.12806, 17.409999
80.175109, 99.29235999999997, 31.613332
79.66011, 98.32149999999996, 25.346666
79.682037, 98.30010999999996, 62.251667
79.341308, 85.37835999999999, 8.6183328
79.312149, 97.32131999999996, 49.370384
79.511299, 98.93045000000001, 22.686666
79.649932, 98.98248000000007, 33.474998
79.581604, 98.52230999999995, 142.22963
79.982643, 99.45028000000002, 30.61
79.948654, 99.57405999999997, 69.250259
79.01625, 101.47861, 8.1483335
79.503044, 98.42510999999996, 25.193332
79.727592, 98.98760999999996, 24.424999
79.941734, 100.11514000000005, 34.738334
79.844238, 99.26703000000003, 53.01625
79.727119, 98.16257000000002, 42.953334
79.583816, 99.37765000000002, 10.653333
79.68724, 98.82988999999998, 30.745
79.550285, 98.35497999999995, 14.92
79.807899, 98.25882000000001, 25.827858
79.232551, 99.20177999999999, 21.178333
79.373779, 99.41592000000003, 50.196189
80.021728, 98.51480000000004, 32.849998
79.302887, 99.09780999999998, 33.395
79.837371, 98.78470000000004, 20.048334
79.134826, 97.48375999999996, 47.521667
79.597351, 98.27435000000003, 16.571666
79.762672, 99.68431999999996, 28.116666
79.634971, 99.72048999999998, 31.913333
79.365776, 99.28460999999993, 29.395
79.515152, 99.10022000000004, 35.461666
80.190521, 97.63711999999992, 27.349166
79.534133, 97.53644000000003, 20.449167
79.268951, 98.75171, 38.982379
79.173011, 100.24283000000003, 55.301155
79.990707, 98.07422000000003, 32.608844
79.817535, 100.02317000000005, 33.081665
79.930862, 99.39989999999995, 14.685
79.879478, 98.67901999999998, 52.672565
80.26297, 99.00567000000001, 31.879524
79.595176, 98.6377, 13.659999
79.545021, 99.92673000000002, 9.2733335
80.321434, 98.36404000000005, 56.711666
79.541626, 98.55910999999998, 20.824047
79.986511, 98.62997000000001, 17.066667
79.159675, 98.62044999999995, 37.111667
79.457588, 98.80417, 29.994524
79.343017, 97.37405000000001, 20.603096
79.529754, 99.64499, 43.555
31.498231, 102.70880999999997, 19.011667
79.875091, 99.01451999999995, 18.159999
79.363533, 97.08809999999994, 59.136226
79.670021, 98.43564000000003, 18.565
79.618888, 99.31054999999998, 70.118331
79.69133, 96.80933000000005, 61.371666
79.786766, 98.20073999999994, 40.900001
79.678215, 99.95706000000007, 25.334047
80.276916, 98.26818999999995, 26.586666
79.729789, 98.02142000000003, 79.895393
79.733779, 99.58541999999994, 47.001426
80.062332, 100.02450000000005, 18.484762
79.809776, 98.57449000000003, 18.483333
80.122322, 100.13214000000005, 15.376667
79.009117, 98.49045000000001, 72.791153
79.666549, 100.19421, 24.137857
79.49382, 98.83499, 57.298332
79.979782, 97.85077000000001, 16.321666
79.605056, 100.32369999999997, 53.797821
79.463279, 99.19409000000002, 13.193333
79.922981, 98.52945, 27.209999
79.253784, 98.34222999999997, 19.549999
79.881813, 99.27483999999993, 12.56
79.46112, 98.42293999999998, 21.37
79.947258, 98.42568999999997, 41.319168
79.889907, 98.69968000000006, 15.853333
79.688224, 98.97964999999999, 23.703332
79.36605, 99.96042000000006, 42.354999
79.993507, 98.94157999999999, 8.3678569
79.516403, 97.54157000000004, 27.955909
79.644531, 98.49792000000002, 26.568332
79.715263, 99.79116999999997, 23.068332
79.97467, 98.00634000000002, 51.031665
79.58554, 99.76144, 31.331666
79.054077, 100.10335999999995, 51.886665
79.55027, 97.79836999999998, 23.18
79.865364, 97.50816999999995, 21.891666
79.533409, 99.55532000000005, 18.613332
80.06826, 99.88107000000002, 26.1
79.359542, 99.88565, 40.419998
79.756683, 98.48464000000007, 24.046667
79.610702, 99.76300000000003, 25.008333
79.828476, 99.20248000000004, 12.736666
79.576019, 98.54657000000003, 25.081666
79.325012, 98.99258000000003, 11.271666
79.719963, 99.11289, 10.024999
79.838455, 83.39118000000002, 17.053094
79.641212, 98.11099000000002, 49.093334
79.840835, 97.98663999999997, 16.228332
79.67234, 98.24154000000004, 20.056667
79.520187, 97.40143, 10.928333
79.603851, 99.10604999999998, 60.041667
79.708305, 99.07256999999998, 16.032499
79.397155, 99.24115000000006, 34.482879
79.515342, 99.03537, 52.776668
79.729492, 99.81414999999998, 24.068332
79.607719, 97.47907000000004, 19.205833
79.317039, 98.98241999999993, 9.9345235
80.02787, 100.22824000000003, 32.258335
79.315475, 99.03512999999998, 41.611667
79.758041, 98.76251000000002, 13.755
79.28022, 99.81088, 56.970001
79.801673, 98.63713999999993, 11.873333
79.81372, 99.36932999999999, 32.009998
79.332473, 99.28814000000006, 36.75
79.785553, 98.36721999999997, 15.799166
79.88916, 97.94394, 16.991666
79.670646, 100.36865, 20.622499
79.883758, 99.66299999999995, 11.411666
79.164444, 98.78890999999999, 27.027381
79.295967, 98.38207999999997, 15.981666
80.043663, 97.60857999999996, 14.699999
79.465789, 97.81207, 12.435909
79.8227, 97.54647, 14.686666
79.316635, 98.05646000000007, 13.041667
79.845092, 98.44866999999999, 54.058189
79.422966, 100.17881, 58.778331
79.820182, 98.16766000000001, 40.161666
79.74353, 99.37920999999994, 25.431667
79.52507, 98.56914999999998, 50.685001
79.734741, 98.44196, 45.609046
79.413154, 99.98532, 24.682575
79.733123, 99.12159000000003, 27.123333
79.784103, 100.30651999999998, 30.565
80.055046, 97.81698, 53.41476
79.36795, 97.45541000000003, 24.503334
80.099449, 98.25381999999996, 66.796279
79.471557, 98.85245000000003, 9.7600002
79.696174, 98.46017000000006, 15.25119
79.527916, 99.51558999999997, 12.533333
79.653801, 101.80130000000003, 38.551666
79.65792, 99.27075000000002, 26.516666
79.715789, 96.32164999999998, 21.398332
79.489486, 98.05685999999997, 22.716667
79.313354, 99.37409000000008, 21.579999
79.407432, 99.08272999999997, 41.51625
79.634933, 98.39871999999997, 9.6049995
80.078132, 83.82135, 10.911666
80.031364, 98.52071999999998, 18.54
79.931922, 96.97619999999995, 11.47
79.818847, 98.90960000000001, 62.68465
79.543342, 98.24050999999997, 8.8149995
79.876647, 99.39041000000003, 84.002777
79.243087, 100.20986999999997, 61.811428
79.796066, 97.86556999999999, 16.27
79.778785, 98.98968999999994, 53.571666
79.474685, 97.79578000000004, 24.697727
80.011543, 98.77407, 10.198333
79.717361, 98.39454000000006, 17.336427
79.629623, 99.83286000000004, 25.238332
79.609886, 99.02673000000004, 31.614999
79.730033, 99.28560999999996, 19.997858
79.598922, 96.46233999999998, 9.4350004
79.330696, 100.86367999999999, 16.776666
79.662788, 100.24068999999997, 25.346427
79.846229, 99.68707, 26.07197
79.238052, 101.06394, 51.498333
79.553627, 98.70535999999998, 32.267856
765.81774, 58.784059999999954, 1055.0598
350.25903, 96.58749, 42.471668
348.38223, 97.12715999999995, 9.4673805