#p577.txt, PH, ToF, MCP PH
[16.702653, 73.925842, 14.42]
[16.736965, 78.624206, 21.274999]
[17.114034, 80.465606, 61.59288]
[16.996484, 74.885376, 15.283333]
[16.950149, 71.966186, 16.351667]
[17.121355, 72.943664, 32.376667]
[17.034662, 74.465942, 53.313716]
[16.352008, 72.162719, 64.146667]
[16.376098, 71.62564, 5.96]
[17.094171, 73.396759, 16.792179]
[16.907009, 74.469726, 6.6416668]
[16.865472, 76.759277, 6.69]
[16.92807, 75.962341, 96.794998]
[16.386337, 76.615997, 45.451667]
[17.075899, 73.299957, 17.604999]
[17.233123, 75.808868, 34.289165]
[16.305873, 72.064849, 58.893333]
[16.832698, 185.38678, 5.19]
[16.705778, 75.764129, 29.359762]
[16.883741, 78.52771, 6.4016666]
[16.724744, 72.054565, 28.186428]
[17.043977, 75.023345, 69.243331]
[16.717584, 69.592437, 45.158332]
[17.063753, 76.836547, 27.229999]
[16.822921, 77.78482, 19.351667]
[16.714954, 74.411041, 26.936666]
[17.040391, 73.986816, 58.666667]
[16.675796, 69.1221, 41.279998]
[16.799856, 75.05194, 47.933334]
[16.629022, 70.161926, 40.505001]
[16.43831, 73.988647, 31.955909]
[16.742452, 71.699829, 27.843334]
[16.835388, 75.622863, 64.311088]
[16.957748, 45.948211, 5.3016667]
[16.752355, 71.641449, 80.501663]
[17.263025, 202.41516, 6.2116665]
[17.286851, 67.250366, 16.75]
[16.761945, 78.022766, 9.4633331]
[17.007785, 75.763488, 26.8325]
[16.920246, 66.345581, 18.151666]
[17.514375, 76.036315, 43.674999]
[16.81262, 68.941345, 9.3800001]
[17.002067, 73.080169, 27.203094]
[16.868413, 74.191528, 25.826665]
[16.807146, 73.740448, 27.317857]
[16.995878, 74.417388, 86.686111]
[16.621622, 69.623016, 38.041427]
[16.979578, 75.276184, 36.227382]
[17.02419, 73.89801, 20.331666]
[16.640543, 74.014923, 5.4316668]
[17.097339, 70.074401, 39.373333]
[16.911129, 76.634765, 40.151668]
[16.558948, 75.449615, 27.354999]
[16.744016, 76.980957, 10.201666]
[16.658315, 74.116485, 81.236663]
[16.461385, 70.931823, 35.968334]
[16.646585, 70.430725, 9.5083332]
[17.052524, 70.57724, 33.563331]
[16.577421, 75.78659, 34.990001]
[17.161418, 70.873535, 10.318333]
[17.136941, 69.912292, 8.9383335]
[17.012847, 72.733154, 20.286666]
[17.093, 68.303985, 47.965908]
[16.568643, 75.031738, 14.229999]
[16.470495, 73.155761, 23.965]
[17.094602, 72.555511, 31.461275]
[16.421146, 74.559295, 5.1366667]
[16.657465, 80.39505, 16.987381]
[17.353508, 71.585571, 46.546665]
[17.266876, 73.5625, 12.359999]
[16.536659, 76.108825, 33.240001]
[16.683359, 71.161071, 7.7683334]
[16.73941, 77.739563, 40.935001]
[16.634922, 75.505981, 31.356666]
[16.581497, 75.392456, 29.639848]
[17.066721, 73.584503, 29.68]
[16.772195, 75.404144, 71.581665]
[17.221757, 76.396698, 25.004047]
[16.764886, 71.947326, 49.261665]
[16.785873, 72.015747, 22.01]
[16.67786, 68.971252, 84.34333]
[16.898685, 73.719726, 37.712501]
[16.89265, 70.973602, 38.27]
[17.039707, 73.075195, 16.895]
[16.301265, 75.16455, 15.279999]
[17.195791, 69.620117, 9.7859087]
[17.098524, 72.767364, 10.403333]
[16.52021, 66.957489, 19.641666]
[16.522499, 76.053558, 57.159999]
[16.777898, 75.352508, 102.61]
[17.231393, 70.313262, 15.816666]
[16.645006, 70.713592, 66.618331]
[16.93333, 76.652252, 31.552499]
[17.122818, 71.232971, 66.114997]
[16.688377, 72.245666, 26.621666]
[16.725065, 478.57893, 5.2110605]
[16.641172, 74.769958, 5.1666665]
[16.668247, 74.532165, 35.52705]
[17.353349, 77.736206, 29.471666]
[16.732124, 75.505554, 17.696666]
[16.924146, 253.2854, 5.1500001]
[17.276779, 75.130432, 86.762146]
[16.706525, 77.368591, 72.352142]
[16.322341, 78.042663, 24.651666]
[16.636663, 72.299438, 47.979999]
[16.844068, 70.113006, 22.79]
[16.744192, 78.67572, 40.325878]
[17.101762, 76.660675, 25.496429]
[17.032825, 72.052093, 40.406539]
[16.800167, 75.878479, 40.255001]
[17.008113, 68.891296, 57.651275]
[16.409174, 74.713195, 86.348335]
[16.855152, 72.799438, 30.078332]
[16.63875, 76.138732, 131.54545]
[16.716178, 75.878906, 27.626667]
[17.056129, 74.870147, 39.009761]
[16.878873, 74.486053, 16.370714]
[17.16842, 76.435211, 41.816665]
[16.565544, 77.588256, 32.025001]
[16.303434, 75.92987, 42.828334]
[16.790805, 75.729278, 50.169998]
[16.919233, 75.136444, 82.386665]
[16.641181, 75.795623, 33.095001]
[17.3915, 74.326843, 8.1850004]
[16.833591, 70.208374, 13.27]
[17.463336, 74.708984, 48.916538]
[16.995393, 69.998352, 10.06]
[17.056652, 73.104797, 78.778335]
[16.648458, 346.90332, 5.1916666]
[16.8528, 75.141967, 14.024523]
[16.416366, 73.316558, 38.477726]
[16.778596, 73.356811, 57.968334]
[16.871133, 68.804901, 26.731666]
[17.064012, 68.700653, 53.599582]
[16.814527, 85.067413, 5.2878203]
[17.035665, 73.848419, 28.368333]
[16.992956, 159.04727, 5.4516668]
[16.825498, 69.505218, 79.449699]
[17.232845, 125.6593, 5.194487]
[17.166854, 71.363922, 5.2766666]
[16.997509, 75.359649, 14.076666]
[17.156662, 73.694061, 12.093094]
[16.839445, 73.654113, 17.498333]
[16.307107, 75.756713, 12.296667]
[16.83023, 76.054931, 43.400001]
[16.79429, 68.644165, 36.689998]
[16.348453, 216.85415, 5.8311538]
[16.815647, 76.459594, 17.737857]
[16.586999, 73.811065, 20.226667]
[16.692464, 68.653076, 19.155]
[17.012811, 70.641784, 38.956665]
[17.229736, 73.578735, 16.755832]
[16.921262, 75.96698, 19.273332]
[16.94194, 72.598236, 5.8564286]
[16.517946, 69.080535, 6.7216668]
[16.69004, 76.211181, 30.531665]
[16.781057, 69.472351, 57.929523]
[16.913927, 74.814025, 47.537548]
[16.990512, 75.817047, 18.446666]
[16.715715, 69.036315, 6.6383333]
[17.049751, 73.646484, 37.076667]
[16.572837, 78.249328, 20.79]
[17.109987, 73.419097, 19.928333]
[16.584114, 77.984497, 21.899999]
[17.558475, 70.933868, 31.183332]
[17.076475, 76.285156, 43.479999]
[16.812187, 79.141265, 53.637805]
[16.952484, 75.88919, 19.534999]
[16.817802, 70.537445, 15.496666]
[16.877004, 72.229492, 35.041667]
[16.697698, 75.746276, 15.623333]
[16.948886, 73.914093, 89.604789]
[16.874954, 78.434783, 61.819545]
[16.544368, 72.959106, 72.085952]
[17.043989, 70.574066, 53.080001]
[17.368124, 78.828491, 6.7716665]
[16.893135, 71.594909, 25.651666]
[16.336248, 70.469543, 111.98583]
[17.099418, 74.107879, 40.402877]
[17.103603, 75.232696, 38.462501]
[16.944839, 73.887878, 9.0258331]
[16.816581, 77.737823, 35.972721]
[16.799886, 73.542053, 16.848333]
[16.746862, 74.915008, 32.432498]
[16.829513, 71.630096, 60.759998]
[16.909111, 74.747375, 18.129999]
[17.075212, 75.020477, 45.843334]
[17.120206, 70.859954, 43.773181]
[16.929031, 68.693023, 19.729999]
[17.201234, 69.536346, 25.774999]
[16.834098, 73.823547, 8.1133337]
[16.831953, 77.437316, 126.4664]
[16.483724, 73.243286, 8.3083334]
[17.118162, 74.366363, 22.448333]
[16.806676, 73.681121, 21.226667]
[16.788383, 77.736297, 54.395954]
[16.722349, 74.115264, 73.90303]
[16.450294, 75.554809, 23.625]
[17.545721, 76.476776, 38.918335]
[16.139862, 75.218231, 25.92]
[17.047964, 75.464141, 71.832778]
[16.881414, 69.370452, 20.42]
[16.97533, 72.578918, 32.721668]
[16.497106, 70.237548, 35.639999]
[16.942554, 74.388641, 51.076667]
[16.907733, 71.606414, 97.376579]
[16.921917, 71.435455, 19.836666]
[16.862871, 74.398437, 84.576797]
[17.19322, 77.720123, 38.119998]
[17.341672, 72.611175, 36.692855]
[17.009437, 74.704223, 50.012577]
[16.920824, 72.48117, 55.814762]
[16.767194, 74.232177, 33.943332]
[16.919023, 70.179565, 22.396667]
[16.546972, 72.8143, 9.043333]
[16.899568, 70.533691, 31.256666]
[16.932888, 57.201324, 29.846666]
[16.747928, 72.400787, 21.444522]
[16.739709, 74.029388, 27.320715]
[16.99929, 72.125701, 7.5766668]
[17.140928, 72.469055, 42.68346]
[16.602306, 81.5177, 57.740264]
[17.082918, 77.927154, 25.156429]
[16.925254, 69.788147, 133.95916]
[17.107381, 75.518096, 10.734999]
[16.339395, 72.004974, 52.773334]
[17.372407, 72.23703, 6.7649998]
[16.923412, 67.832519, 17.521667]
[16.810499, 73.077331, 58.792381]
[16.837314, 61.123809, 25.473333]
[16.534803, 72.817169, 26.36]
[16.549062, 61.655822, 23.608333]
[16.82057, 73.534362, 38.961666]
[16.856086, 70.077697, 23.399166]
[16.318079, 77.204681, 47.476665]
[17.029733, 74.823272, 61.503334]
[16.73693, 74.944671, 33.511665]
[16.770498, 77.352203, 52.388332]
[16.745315, 70.762725, 32.756668]
[16.889854, 73.88092, 20.425832]
[16.972904, 75.055236, 65.26667]
[16.224956, 73.575103, 32.263332]
[17.166374, 71.775726, 13.097857]
[16.704267, 75.734619, 60.729999]
[16.92003, 70.967712, 65.565956]
[16.536569, 70.412994, 12.055]
[16.786586, 72.852081, 18.27]
[16.861547, 75.570373, 66.019874]
[16.613699, 72.1156, 23.923334]
[17.137603, 74.085876, 23.008333]
[16.766164, 71.567627, 25.319999]
[16.450883, 71.086425, 25.934047]
[16.634441, 76.670288, 31.931667]
[17.083173, 74.886291, 37.38705]
[16.845581, 69.333648, 8.2833337]
[16.646341, 70.679351, 19.551666]
[16.808458, 71.511505, 7.7916665]
[16.449184, 75.147735, 17.354999]
[17.144105, 73.747131, 18.327858]
[16.737447, 72.185302, 68.336669]
[16.949783, 73.344909, 25.341667]
[17.078392, 73.183441, 60.136665]
[16.844715, 75.358459, 9.6666669]
[16.638576, 75.35202, 6.8745236]
[16.920728, 71.30429, 62.472896]
[17.312303, 77.790344, 31.199762]
[16.864742, 70.130432, 38.549999]
[16.890451, 71.924285, 36.016666]
[16.40508, 77.52246, 40.455001]
[16.966224, 72.829467, 30.530714]
[16.891841, 78.283081, 39.373333]
[16.956979, 77.213653, 11.828332]
[16.957563, 70.876434, 28.366666]
[17.122169, 76.284027, 22.518333]
[17.380222, 75.189605, 29.601667]
[16.995939, 74.890777, 36.568332]
[17.09272, 71.353241, 17.559848]
[16.712932, 75.570129, 49.013332]
[16.968391, 75.944335, 32.009998]
[17.417583, 70.546051, 59.236667]
[16.824443, 69.3768, 5.6283335]
[16.775804, 70.717651, 74.04]
[16.680295, 72.861022, 38.036666]
[16.475233, 77.547912, 57.812915]
[16.662466, 73.495636, 10.9825]
[16.915985, 76.357666, 21.153333]
[16.730184, 73.547485, 51.749584]
[16.822547, 70.390441, 23.084999]
[17.171808, 76.328735, 31.192575]
[16.736078, 75.402435, 22.004999]
[16.891092, 70.164062, 90.921669]
[16.565269, 74.211303, 20.185833]
[16.97657, 70.02771, 27.375]
[17.070777, 78.097229, 21.43]
[16.868719, 72.611419, 5.8916668]
[16.808103, 74.885253, 25.519166]
[16.908819, 73.859771, 28.616666]
[16.780742, 69.864349, 15.301666]
[16.912832, 78.837585, 11.681666]
[16.66279, 71.92987, 21.618333]
[16.955375, 69.793212, 30.013462]
[16.446992, 77.803192, 13.508333]
[16.899179, 71.803863, 55.273334]
[16.733089, 71.155548, 26.316667]
[16.548774, 72.692688, 39.029998]
[17.26231, 70.053375, 51.072391]
[16.653871, 75.544708, 25.84106]
[16.926347, 72.052368, 7.3683333]
[17.020769, 78.177093, 120.76596]
[17.103399, 74.625549, 43.508335]
[17.249885, 71.855285, 45.101665]
[16.444564, 71.4216, 28.475]
[16.628149, 77.622955, 23.309999]
[17.058183, 67.467376, 7.6983332]
[17.058544, 77.195007, 21.129999]
[16.991489, 70.428436, 24.024999]
[17.374744, 74.420227, 55.211666]
[17.400402, 73.34201, 26.366666]
[16.547758, 77.501953, 50.546211]
[17.104507, 67.986358, 19.208334]
[16.729257, 75.530792, 52.773334]
[16.11461, 71.30429, 26.704999]
[17.15166, 71.52069, 31.286666]
[16.982051, 70.667938, 25.518333]
[16.567771, 73.180358, 19.087726]
[16.569145, 69.753723, 28.978332]
[16.932899, 74.409729, 22.56738]
[16.951955, 72.130218, 5.2616667]
[17.015165, 74.868377, 16.725]
[16.785831, 76.48764, 17.111665]
[16.715324, 71.035919, 39.692501]
[16.95058, 71.613494, 39.662498]
[16.819023, 71.826324, 85.136901]
[16.855665, 69.409698, 64.286567]
[17.230817, 72.836517, 6.625]
[16.829484, 73.998504, 30.909048]
[16.963722, 78.043365, 31.245]
[16.822456, 72.682037, 9.8983335]
[17.142667, 73.932495, 81.448791]
[16.649545, 74.635559, 83.930503]
[16.53239, 70.310974, 33.406665]
[16.624668, 75.131408, 9.5464286]
[16.946189, 70.491455, 13.328332]
[16.994279, 73.246673, 6.0566668]
[17.397312, 75.749847, 49.312381]
[16.798206, 76.52716, 5.1350002]
[16.660789, 73.246917, 33.426666]
[16.794136, 76.367431, 7.6866664]
[16.92361, 72.802887, 222.65167]
[16.729108, 66.885833, 25.305833]
[16.726903, 77.209411, 10.339848]
[16.758495, 73.902618, 28.038333]
[16.856206, 75.225555, 32.506191]
[16.86561, 72.970092, 42.131668]
[16.881523, 72.839721, 30.597381]
[16.999696, 76.545379, 30.049242]
[16.979297, 70.944152, 19.608333]
[16.995775, 76.564605, 9.9516668]
[16.616041, 74.498443, 29.451665]
[16.587877, 72.23468, 50.474998]
[16.852117, 72.40805, 45.814609]
[16.609373, 77.238586, 20.665]
[17.104801, 70.587371, 12.033333]
[16.905262, 78.743225, 40.270385]
[16.709209, 75.940246, 15.398333]
[16.464977, 78.573547, 39.19318]
[16.617778, 75.060638, 89.665725]
[16.932758, 75.384368, 22.301666]
[17.326919, 72.840393, 30.301666]
[17.070299, 72.051452, 8.8183336]
[16.931795, 73.371002, 34.589847]
[16.166317, 76.178527, 12.925]
[16.698503, 74.830291, 24.034999]
[16.962354, 70.042114, 8.7216663]
[17.135637, 74.09732, 12.543333]
[16.769092, 76.387115, 73.275001]
[17.176204, 74.233612, 21.951665]
[17.084617, 72.911773, 61.624607]
[16.960626, 72.683929, 43.032367]
[16.726545, 76.016571, 17.065]
[16.9081, 76.374755, 6.855]
[16.623161, 71.496368, 48.246666]
[17.111043, 65.674041, 19.263334]
[17.23154, 71.523559, 35.831665]
[17.311586, 66.215515, 21.597381]
[17.063379, 70.868072, 21.283332]
[16.643983, 75.779876, 72.635002]
[16.756969, 73.83023, 23.216667]
[16.658041, 73.774261, 37.429241]
[17.248098, 74.432312, 6.5016665]
[16.493711, 71.529449, 47.491664]
[16.673511, 74.039215, 11.425]
[17.05624, 75.636505, 25.34]
[16.561714, 73.012847, 27.644523]
[16.606515, 70.976806, 18.812879]
[17.073722, 77.570312, 39.348331]
[16.363828, 71.273529, 18.783332]
[16.953964, 80.015869, 25.933332]
[16.751918, 65.334899, 47.269241]
[17.013816, 71.709045, 39.393333]
[16.800622, 73.40271, 29.848333]
[16.819894, 73.844879, 65.682914]
[17.027259, 73.607666, 33.357856]
[16.607074, 73.432189, 33.054523]
[16.675453, 68.191589, 26.924999]
[17.027952, 72.609924, 84.557754]
[16.756683, 74.234863, 13.726666]
[16.529794, 75.647583, 7.0316667]
[16.639377, 74.1138, 54.130001]
[17.180807, 78.366546, 11.579999]
[16.360963, 73.481384, 28.944999]
[16.87833, 72.756469, 16.379999]
[16.745449, 74.112182, 33.558845]
[16.884819, 75.16394, 36.943332]
[17.475324, 75.046295, 22.769762]
[17.100902, 68.419097, 89.056663]
[16.982606, 67.820526, 21.612178]
[16.983591, 76.854431, 34.136665]
[16.704628, 76.705261, 51.98476]
[16.850988, 70.1734, 41.346668]
[16.933486, 73.727478, 56.25]
[17.135721, 73.725341, 19.989761]
[16.966032, 75.293701, 41.569999]
[16.984592, 74.610717, 27.698724]
[17.222951, 76.399231, 26.545]
[16.595586, 78.513244, 32.568332]
[17.080596, 77.481231, 164.87704]
[16.71062, 74.300079, 5.3216667]
[16.643688, 72.980529, 35.901668]
[17.020288, 71.863159, 28.843334]
[17.188417, 71.133331, 76.877174]
[16.775728, 67.946075, 60.465]
[16.913808, 66.648284, 37.023334]
[16.874391, 75.519897, 48.576667]
[16.707496, 72.329315, 45.665]
[16.465564, 75.770263, 19.678094]
[16.798757, 75.063446, 20.36]
[17.09663, 70.456329, 27.468334]
[17.145162, 69.091888, 21.554048]
[16.619257, 74.241516, 24.711061]
[16.878036, 76.444824, 24.985]
[17.211647, 72.560913, 42.196579]
[16.654182, 70.541626, 45.889999]
[17.269052, 76.108123, 11.686666]
[16.820032, 70.053192, 42.711666]
[16.861385, 72.651489, 16.59]
[17.078611, 75.772308, 21.170713]
[16.754266, 74.506591, 9.0916662]
[17.025777, 67.485412, 30.611665]
[16.635284, 76.108947, 38.174049]
[16.983898, 71.37619, 34.973182]
[17.194433, 76.200958, 87.487503]
[17.060056, 76.00357, 10.506667]
[16.720888, 72.077117, 40.81924]
[17.289264, 71.30487, 56.533332]
[16.769369, 75.195831, 66.769584]
[16.532413, 75.694427, 15.870714]
[16.949796, 74.557373, 47.636665]
[16.857311, 71.592315, 13.983333]
[16.636364, 74.462463, 40.351665]
[16.536184, 75.997009, 19.118333]
[16.908466, 75.510803, 30.581666]
[17.170593, 77.503662, 31.032917]
[17.149745, 70.868042, 65.226669]
[16.975309, 77.48352, 26.588136]
[16.648851, 70.894653, 39.605304]
[16.659999, 74.519043, 42.650001]
[16.459381, 75.796264, 5.7266664]
[16.278913, 74.285156, 18.776666]
[17.371835, 69.350219, 43.651668]
[16.817466, 69.815368, 42.102916]
[16.858869, 70.455993, 18.135]
[16.151779, 75.244812, 24.1525]
[16.842395, 68.707336, 25.476514]
[17.128507, 73.350463, 31.213333]
[17.141569, 80.301788, 13.614999]
[16.742067, 71.839721, 10.471666]
[16.929079, 74.499572, 73.309288]
[16.892942, 78.580841, 16.275833]
[16.919586, 66.79898, 23.094047]
[17.001451, 73.921722, 13.46]
[16.606651, 72.076202, 25.16119]
[16.615114, 69.517852, 30.639999]
[16.788168, 76.656402, 48.334999]
[16.688848, 76.122589, 22.341667]
[17.184267, 77.00064, 23.79]
[16.736055, 75.416534, 19.833334]
[16.202655, 68.242736, 23.003334]
[16.875816, 71.92395, 29.67]
[16.659727, 82.473877, 22.203332]
[16.914915, 79.946411, 8.4799995]
[16.619688, 76.983276, 27.991666]
[16.647434, 76.61795, 22.173334]
[16.734609, 79.365966, 20.783332]
[16.694633, 72.890502, 55.911666]
[16.588396, 68.903686, 9.0249996]
[16.303039, 71.862274, 20.478332]
[16.536647, 75.21286, 29.274999]
[17.204467, 73.021575, 8.247857]
[17.184782, 65.214233, 11.893333]
[17.046815, 75.180755, 38.474998]
[17.099792, 70.0513, 5.2083334]
[16.7366, 72.849823, 27.114522]
[16.7423, 110.64514, 5.1992425]
[16.744609, 76.093109, 17.289762]
[16.516277, 75.178619, 58.361152]
[16.965545, 74.661315, 47.481861]
[17.145387, 77.730621, 7.2266664]
[17.184919, 77.324768, 112.13311]
[17.019889, 74.260681, 19.468334]
[17.466142, 70.462646, 79.991668]
[17.207298, 74.042694, 44.158332]
[17.163072, 78.493988, 88.595176]
[17.469299, 74.425506, 48.379386]
[16.469272, 75.128814, 47.403331]
[16.37844, 75.733673, 40.174999]
[16.786069, 76.902435, 90.332145]
[16.812866, 80.813903, 74.531669]
[16.676879, 79.909912, 24.54]
[16.552602, 74.362823, 11.363333]
[17.028884, 72.828735, 28.704999]
[16.660306, 75.846984, 10.245833]
[17.238618, 73.59143, 87.339698]
[16.378208, 71.223236, 30.649999]
[17.444065, 71.009735, 23.311666]
[16.442247, 72.512481, 15.777727]
[16.765159, 70.405059, 106.11974]
[16.986387, 73.357605, 21.398332]
[16.932943, 72.965301, 26.051666]
[16.414167, 73.27951, 90.711029]
[16.851074, 71.543518, 6.3449997]
[16.696483, 69.956024, 5.1550002]
[17.092746, 73.829864, 10.121666]
[16.885761, 77.045867, 7.9930954]
[16.66267, 74.987457, 26.86]
[16.914012, 76.421722, 38.546665]
[17.013193, 72.716857, 18.570715]
[17.349931, 67.884613, 24.479999]
[16.721689, 76.611084, 17.638334]
[16.751037, 78.913085, 10.008333]
[16.988246, 73.262603, 31.329849]
[17.418502, 77.916778, 65.191665]
[16.339214, 73.354003, 90.261665]
[16.56637, 77.073669, 22.421667]
[16.760984, 70.181854, 21.598333]
[16.628772, 74.512329, 54.808334]
[16.823186, 72.953552, 6.3333334]
[16.548788, 70.643219, 8.9611902]
[16.843971, 77.280914, 62.185001]
[17.187385, 73.920257, 34.514999]
[16.739994, 78.109405, 5.7199997]
[16.896911, 73.736419, 24.54]
[17.148412, 76.362365, 33.781189]
[16.678169, 81.171691, 8.3500003]
[16.883071, 71.287109, 23.468334]
[17.35231, 69.966735, 70.84333]
[16.651662, 73.291626, 17.026666]
[17.465984, 70.759643, 31.456666]
[16.802471, 75.811737, 8.6366663]
[17.07691, 71.574829, 44.723331]
[17.092886, 75.856658, 19.433332]
[16.975776, 68.807403, 33.686668]
[17.092037, 74.164337, 16.199167]
[16.990539, 71.21405, 56.432949]
[16.66255, 75.860748, 29.366666]
[17.438331, 76.5643, 21.584999]
[16.603599, 81.876892, 33.525302]
[16.966402, 47.087921, 5.2511539]
[16.67168, 79.691925, 71.250602]
[16.761343, 74.733001, 27.75]
[17.343034, 70.686889, 12.683333]
[17.04733, 72.097137, 15.034999]
[17.095949, 75.803955, 119.52954]
[17.339944, 61.432708, 5.1892423]
[16.60242, 77.258453, 68.44905]
[16.694612, 73.426971, 18.368333]
[16.940889, 75.855804, 13.029166]
[17.023223, 79.039428, 88.413238]
[17.009338, 74.464874, 30.679166]
[16.076839, 78.670715, 33.189998]
[16.9587, 79.112457, 34.985]
[16.428323, 74.437286, 63.228332]
[17.109424, 72.941406, 23.385833]
[16.868555, 72.135498, 16.904523]
[16.777166, 71.302246, 26.728332]
[17.169044, 72.851348, 11.299166]
[16.774322, 80.215637, 62.886051]
[16.730213, 70.261993, 106.64333]
[17.391864, 76.729064, 28.575]
[17.159814, 76.28482, 50.961666]
[16.680702, 76.038391, 26.456666]
[16.541532, 72.060882, 25.536794]
[16.816089, 75.841796, 23.223333]
[16.829338, 75.953064, 64.991668]
[16.760387, 77.213592, 56.256668]
[16.923471, 74.648407, 15.477857]
[17.244239, 78.713531, 37.116664]
[16.439296, 70.582824, 19.431667]
[16.662099, 70.838684, 21.70619]
[16.480651, 72.576782, 17.625]
[16.876007, 70.88916, 75.926193]
[17.536949, 73.106872, 28.576211]
[16.957527, 75.910034, 17.975]
[16.591249, 75.901245, 85.864997]
[16.626985, 69.195282, 92.018333]
[17.073116, 70.052093, 81.681663]
[16.589288, 74.43518, 52.115001]
[16.736503, 73.082885, 60.314998]
[16.930246, 74.545074, 25.088333]
[17.198377, 74.567993, 9.5366668]
[16.686033, 71.380615, 35.636665]
[17.025283, 71.643829, 64.171669]
[16.985605, 72.879974, 41.856212]
[16.605213, 73.410369, 34.717819]
[17.067365, 73.768646, 39.52]
[16.449573, 77.0578, 21.261667]
[17.000358, 79.561096, 10.658333]
[16.895261, 73.437255, 34.436668]
[16.2205, 73.44989, 80.438331]
[16.81628, 74.451965, 8.8716669]
[16.934047, 75.323333, 29.128334]
[16.95079, 74.389801, 63.800605]
[16.806606, 73.882934, 38.826667]
[16.598911, 71.657714, 31.27]
[16.910207, 74.294036, 23.531061]
[17.341779, 73.368713, 18.76]
[16.885078, 74.719879, 15.448333]
[16.386194, 76.658386, 47.854999]
[16.919691, 76.246673, 14.051666]
[16.859205, 68.801178, 48.941665]
[16.750986, 75.062622, 22.803333]
[16.934289, 71.797912, 26.067857]
[17.437393, 73.872222, 50.673332]
[17.091901, 72.607513, 65.088096]
[17.151857, 74.74414, 21.719524]
[16.307741, 78.799011, 10.594523]
[17.156095, 77.538665, 11.629761]
[16.629358, 76.336669, 50.356536]
[16.62803, 72.00888, 20.603332]
[16.923736, 74.11679, 13.138333]
[16.476093, 77.792999, 25.628334]
[17.119855, 72.932098, 50.115001]
[16.827419, 68.351562, 35.166667]
[16.857263, 77.977081, 32.919998]
[16.810506, 67.742981, 7.8666667]
[16.757997, 73.72174, 7.1750001]
[16.8071, 68.720336, 59.488334]
[16.517345, 75.603393, 36.448333]
[16.772836, 68.473693, 45.352855]
[17.032211, 75.657287, 7.7600002]
[17.203163, 75.368621, 56.606666]
[16.706571, 72.839386, 22.108333]
[17.334581, 73.957428, 25.996515]
[16.997995, 75.197052, 10.271666]
[17.007217, 60.243621, 21.354047]
[16.739906, 74.055664, 93.401664]
[16.660812, 79.786346, 15.189999]
[17.037183, 73.633483, 29.168333]
[17.205617, 75.804657, 14.558333]
[16.765932, 81.702758, 45.876796]
[16.633289, 75.492828, 28.305833]
[17.27732, 76.801055, 31.225]
[16.50893, 74.572418, 30.116666]
[16.906076, 75.246551, 8.9966669]
[17.557569, 72.671569, 14.701666]
[17.103105, 68.890686, 26.258333]
[17.282257, 71.21997, 23.45]
[17.053737, 71.095581, 12.284999]
[16.846, 78.761627, 41.383335]
[16.982315, 74.576904, 53.584999]
[17.013158, 70.42926, 17.823333]
[17.369514, 77.868042, 62.123333]
[16.804512, 77.48944, 39.654609]
[16.841461, 74.017913, 49.70853]
[16.829658, 77.068939, 32.029243]
[16.689151, 72.375366, 15.279999]
[16.861614, 76.431152, 19.475]
[16.768835, 75.072998, 23.870128]
[17.185283, 74.78659, 28.51]
[16.613353, 73.776275, 29.782499]
[16.948701, 70.088317, 13.085]
[16.516862, 72.761016, 48.319698]
[16.450557, 72.020111, 68.979614]
[16.8549, 76.06903, 23.541666]
[16.651113, 74.236663, 84.97647]
[16.951618, 74.788055, 19.53]
[16.602056, 74.120117, 15.139166]
[16.833053, 70.373931, 8.8924999]
[17.07061, 76.706268, 25.94119]
[16.701385, 72.201904, 18.454999]
[16.600338, 73.509704, 34.962501]
[16.945898, 71.079101, 32.178333]
[17.055278, 130.31582, 5.25]
[16.858118, 72.415893, 28.409999]
[16.871315, 68.680908, 7.0216665]
[16.929792, 74.168273, 16.834999]
[16.768167, 72.23764, 11.049761]
[16.787872, 79.495452, 60.951316]
[16.672565, 74.353179, 60.772144]
[16.61199, 71.614044, 63.531665]
[16.736848, 77.088836, 87.28897]
[16.700241, 71.942871, 5.2550001]
[16.712566, 77.641235, 29.194999]
[16.802267, 75.505584, 54.916763]
[17.045213, 72.057708, 31.901666]
[16.957391, 78.009002, 12.413332]
[16.357738, 77.015655, 11.289848]
[16.550676, 71.108429, 27.190128]
[16.553382, 76.693634, 63.012916]
[16.911071, 73.688293, 42.235]
[16.997148, 71.285491, 27.66238]
[17.4347, 69.421325, 27.215]
[16.499778, 72.036041, 81.703331]
[17.291475, 67.197082, 12.409999]
[16.801153, 77.871673, 7.5500001]
[16.6063, 70.255401, 45.34]
[17.122026, 79.396331, 34.163333]
[16.621469, 75.988739, 49.326667]
[17.014719, 76.300659, 11.729999]
[17.129343, 75.842071, 34.646213]
[16.444812, 74.178833, 59.04]
[17.186388, 70.335235, 21.5825]
[16.876457, 73.405639, 40.119998]
[16.736236, 74.106262, 26.123333]
[16.684867, 73.435668, 31.266666]
[16.599676, 72.141326, 18.174999]
[16.692541, 71.307281, 45.653717]
[17.237173, 74.155181, 34.794998]
[16.628089, 75.03012, 21.146667]
[16.999687, 71.468811, 23.854999]
[17.021068, 70.46936, 13.649167]
[16.63902, 69.596435, 24.204999]
[17.276659, 70.718109, 26.979999]
[16.737056, 76.057708, 49.68]
[16.517097, 72.723693, 19.416666]
[17.004749, 80.099243, 56.224998]
[16.668558, 73.764251, 18.181667]
[16.933551, 72.09497, 83.449089]
[16.675682, 78.542999, 39.950882]
[16.780777, 69.876098, 26.162948]
[16.945442, 76.664032, 22.415]
[16.201145, 69.827331, 20.571666]
[16.836605, 76.651855, 58.416667]
[16.67374, 68.764068, 26.676666]
[16.410932, 74.386505, 26.113332]
[17.457914, 72.854522, 43.096668]
[17.07224, 75.543212, 22.559761]
[16.820165, 74.497406, 13.338333]
[17.101205, 72.774292, 29.193332]
[17.013519, 75.27246, 6.4866666]
[16.9713, 73.897796, 29.048334]
[16.972686, 80.827209, 20.171667]
[16.773042, 70.43692, 30.920385]
[17.025817, 74.615509, 49.503334]
[16.63973, 69.185668, 6.4883332]
[16.826307, 74.228179, 9.0416669]
[16.807615, 76.37149, 34.75]
[16.848592, 77.924346, 39.729999]
[16.747854, 70.499908, 30.786666]
[16.978601, 77.053894, 8.5333337]
[16.594322, 74.010253, 43.978847]
[16.88623, 73.187896, 25.326665]
[16.688108, 75.946472, 17.281665]
[17.06525, 72.076995, 28.538333]
[16.869415, 78.718505, 8.2816667]
[17.169235, 81.499145, 24.604999]
[17.058773, 72.796508, 124.50666]
[17.408018, 77.499908, 45.220001]
[16.494407, 74.833831, 29.665]
[16.576103, 74.824798, 50.204475]
[16.5463, 76.263488, 6.9050002]
[16.857633, 74.78302, 17.604486]
[16.660024, 74.95932, 26.116212]
[16.601347, 74.405975, 15.828332]
[16.714962, 71.88211, 20.534999]
[17.044382, 71.721344, 114.07785]
[16.731035, 73.747955, 97.592781]
[16.931432, 71.087402, 15.525833]
[17.076553, 74.502716, 10.086667]
[16.993438, 74.865295, 31.113718]
[17.089416, 72.148284, 24.968334]
[17.313955, 77.522918, 17.703332]
[17.322519, 74.242401, 26.111665]
[16.825555, 75.06668, 29.186666]
[17.05306, 72.295196, 32.316429]
[16.918506, 69.026611, 33.458095]
[17.289823, 78.298706, 29.028333]
[16.381519, 74.066314, 47.479583]
[16.976532, 69.394073, 8.5399999]
[16.543966, 78.257629, 22.03]
[17.326, 75.409118, 13.915]
[16.780614, 70.533599, 21.61119]
[16.685663, 73.123962, 24.829999]
[16.567762, 74.070861, 29.813333]
[17.017005, 73.21051, 15.625]
[16.854955, 71.545501, 61.402389]
[16.926763, 75.085571, 23.711666]
[17.371141, 74.904388, 14.968333]
[16.760765, 76.772399, 18.888334]
[16.879814, 76.657012, 50.576763]
[17.129688, 72.937835, 80.186668]
[17.345287, 68.734558, 37.154998]
[16.289066, 74.618682, 56.531272]
[16.971582, 72.787536, 18.528333]
[16.675199, 75.59671, 43.325]
[16.841596, 72.523315, 14.721666]
[17.089538, 72.135162, 18.3125]
[16.788353, 72.280029, 50.173332]
[16.944551, 78.012268, 10.596666]
[16.867498, 79.200836, 16.853332]
[16.597641, 70.619751, 26.829761]
[16.61993, 73.457885, 16.897857]
[17.028568, 70.970855, 18.856666]
[17.141355, 74.529174, 30.713094]
[16.575748, 74.492492, 18.236665]
[16.982498, 71.312042, 31.781665]
[16.474403, 74.67984, 47.70346]
[16.473192, 73.634399, 11.148333]
[17.405754, 73.33432, 18.764047]
[16.840524, 73.691741, 40.821666]
[16.546197, 67.218994, 16.195833]
[16.905454, 76.377105, 34.150383]
[17.010574, 68.513671, 8.503333]
[16.588207, 73.513153, 50.519546]
[17.112922, 71.684936, 20.204523]
[17.124534, 76.480896, 32.958332]
[16.266162, 73.25708, 21.754999]
[17.077716, 73.66217, 16.853332]
[16.809307, 75.585571, 13.533333]
[16.816707, 70.697387, 29.795]
[16.977287, 75.495086, 67.944999]
[16.953472, 75.702728, 14.354999]
[17.05664, 71.373382, 6.4366664]
[17.010122, 70.242858, 71.889999]
[16.709535, 72.036865, 26.378334]
[16.392175, 76.472839, 51.448093]
[16.629142, 77.336303, 23.052179]
[16.570823, 72.644775, 20.612499]
[17.174013, 72.144195, 26.746666]
[16.828887, 75.468719, 40.0]
[16.810003, 74.570709, 21.301191]
[16.961513, 69.178375, 13.665]
[17.041248, 75.554595, 34.705001]
[16.853799, 72.878418, 14.413332]
[16.705701, 71.85733, 11.265]
[16.643716, 430.67934, 5.4831819]
[16.575834, 76.30896, 12.851666]
[16.851495, 71.903228, 30.145]
[16.522363, 72.725158, 42.895]
[16.885671, 66.701446, 24.346666]
[17.217281, 72.660217, 101.99309]
[17.168132, 74.673584, 25.813333]
[16.797111, 71.022827, 32.189849]
[17.019437, 77.217773, 79.267364]
[17.488014, 70.621032, 8.7200002]
[16.511579, 72.82138, 30.890714]
[17.208656, 76.12741, 18.966667]
[16.814865, 69.414856, 11.093094]
[17.196514, 74.271179, 26.963333]
[16.751644, 75.036834, 10.318333]
[16.751756, 72.596099, 8.628333]
[17.054477, 73.361389, 17.033332]
[16.353797, 69.592315, 97.123336]
[16.68256, 72.731781, 66.153335]
[16.474567, 71.506897, 42.171665]
[16.957277, 77.038909, 16.471191]
[17.067743, 74.026336, 28.858333]
[16.804971, 75.035003, 38.962856]
[16.884092, 73.589233, 22.495]
[16.687213, 77.837768, 14.061666]
[17.002288, 77.750671, 69.598136]
[16.820751, 76.665741, 15.533333]
[16.248622, 75.185302, 11.961667]
[16.929851, 71.914611, 113.36]
[16.948791, 74.032165, 50.630001]
[16.934619, 70.746246, 13.436429]
[16.515583, 74.514648, 66.904998]
[16.930446, 70.427551, 22.671667]
[17.084888, 74.332672, 9.7216663]
[17.194259, 75.925018, 27.795]
[16.505947, 75.47293, 25.078332]
[17.115507, 69.589447, 42.555]
[17.040357, 77.491302, 56.022949]
[17.339218, 74.877807, 16.594999]
[16.946779, 72.743835, 23.583334]
[16.725044, 71.703826, 12.181666]
[17.092796, 74.04718, 7.73]
[16.818018, 73.457, 26.513334]
[16.984037, 73.392913, 34.838333]
[16.510107, 74.277038, 19.215]
[16.333385, 69.50946, 24.016666]
[17.01021, 77.898101, 43.926666]
[17.025777, 73.233459, 23.494047]
[17.172264, 74.550903, 61.486667]
[16.823305, 76.393676, 8.0316667]
[16.836319, 72.514587, 40.88343]
[17.131614, 74.308197, 29.607381]
[16.608907, 75.246185, 51.628334]
[17.082872, 75.761566, 24.283332]
[16.907293, 80.24646, 17.543333]
[17.058094, 69.404449, 52.738334]
[17.131877, 68.681945, 62.620254]
[16.685325, 75.169006, 28.604999]
[17.102697, 74.950622, 36.310001]
[16.72797, 74.988464, 20.754999]
[16.690912, 73.524047, 17.608333]
[17.082778, 73.659393, 34.955001]
[16.829835, 73.79422, 36.229999]
[16.57304, 76.80194, 10.56]
[17.0734, 67.678039, 26.578332]
[16.586931, 75.674346, 33.843334]
[16.803909, 73.691009, 34.314998]
[16.732818, 70.286254, 27.021667]
[16.759498, 73.596679, 20.52119]
[16.62318, 75.050079, 13.845]
[16.609821, 74.086242, 20.489999]
[16.551277, 75.292205, 37.796665]
[17.315183, 71.062713, 53.011665]
[16.781374, 75.502533, 30.415]
[17.148691, 71.534423, 34.273334]
[16.694358, 72.574585, 5.7966666]
[17.059652, 71.482116, 22.87]
[16.746582, 74.129943, 27.5]
[16.439121, 75.51123, 16.448333]
[16.698944, 72.599517, 66.331863]
[17.145933, 71.330535, 47.491664]
[16.779478, 79.993408, 19.646667]
[16.820482, 75.807067, 44.405304]
[16.553728, 66.77716, 11.564999]
[16.886949, 71.648925, 21.6]
[16.492687, 76.124206, 15.938333]
[17.199916, 71.434021, 21.656665]
[16.778575, 75.497222, 25.723333]
[16.823095, 72.170349, 19.811666]
[17.019674, 74.396667, 14.271666]
[16.864284, 69.379699, 17.3125]
[16.83756, 74.318817, 30.638334]
[16.880188, 76.213439, 21.028333]
[16.929334, 68.858123, 29.139165]
[16.770017, 66.75238, 40.601665]
[16.748733, 67.803527, 45.693332]
[16.438301, 71.367981, 29.006666]
[17.285085, 70.943573, 16.906665]
[16.660934, 76.930603, 25.806667]
[17.34527, 73.721557, 24.066429]
[16.823917, 70.361724, 34.101665]
[17.333833, 70.666381, 46.944999]
[17.011501, 75.050354, 75.302917]
[16.927215, 68.155517, 17.19]
[16.840259, 72.631256, 26.065]
[16.75757, 74.050628, 28.738332]
[17.02349, 80.19403, 26.471666]
[16.556032, 72.694732, 39.591274]
[16.632103, 77.502166, 29.189872]
[16.951988, 73.696991, 12.641666]
[17.016367, 73.601928, 41.807819]
[16.738502, 71.295135, 13.51]
[16.732233, 74.856201, 30.023332]
[17.091474, 74.230041, 17.186515]
[16.851556, 74.840057, 15.728846]
[16.772703, 72.366088, 29.533332]
[16.554504, 74.053649, 20.955833]
[16.954511, 75.752349, 28.483095]
[16.900503, 69.518829, 16.466667]
[17.05713, 70.230346, 15.134487]
[17.16138, 70.652221, 34.565391]
[16.897726, 75.70819, 22.958334]
[16.420475, 74.733001, 25.006666]
[16.99492, 71.118957, 38.221668]
[16.796297, 74.105621, 22.448333]
[16.817247, 72.40567, 19.905834]
[17.246944, 78.344268, 52.506668]
[16.37647, 72.452148, 43.614761]
[16.845438, 73.649597, 46.143333]
[17.279623, 72.932983, 32.331665]
[17.547512, 74.318328, 28.703332]
[16.34279, 76.059722, 46.029998]
[16.630853, 75.894226, 46.33625]
[16.301754, 74.977203, 17.042879]
[17.161504, 74.748321, 11.802576]
[16.660667, 71.476135, 11.468333]
[17.040998, 74.810211, 32.75]
[17.062418, 73.224731, 29.576429]
[16.453167, 70.805755, 7.94]
[16.617149, 65.853088, 21.36]
[16.890279, 76.763946, 42.248333]
[16.816131, 79.114532, 27.843334]
[16.579069, 76.711425, 12.526666]
[16.536792, 77.469909, 20.946666]
[17.141323, 73.112609, 125.95944]
[16.835308, 75.965271, 60.051666]
[16.469883, 74.531311, 10.988333]
[16.579036, 71.029083, 21.181667]
[17.463644, 70.599365, 12.586667]
[16.482704, 73.467804, 24.559999]
[16.946531, 71.212616, 45.575]
[16.281641, 73.345672, 9.6933336]
[16.755743, 77.419982, 33.080001]
[16.738939, 67.530639, 12.994999]
[17.093137, 79.329162, 68.135711]
[16.856779, 76.829101, 22.34]
[16.235811, 71.567504, 14.121666]
[16.930362, 69.823364, 22.659849]
[16.143732, 74.149993, 18.201665]
[16.835102, 75.25354, 72.188331]
[16.671295, 79.448547, 26.565834]
[16.916629, 76.854766, 5.1516666]
[16.763649, 76.522369, 30.762878]
[16.950931, 74.209686, 18.718334]
[17.097372, 74.201477, 26.52]
[16.673654, 72.541626, 67.105476]
[16.963211, 72.6492, 29.626667]
[16.672576, 71.554107, 24.805]
[16.69556, 74.640899, 55.108787]
[17.186071, 72.012664, 64.821662]
[16.655559, 76.69812, 40.961666]
[16.706445, 75.368133, 30.642499]
[16.420711, 71.739105, 14.006667]
[16.871059, 71.974456, 30.431667]
[16.867418, 77.240203, 18.748333]
[17.069253, 75.113006, 30.614999]
[16.611923, 79.114196, 70.284759]
[16.909015, 72.838745, 31.593334]
[16.65048, 76.179748, 27.363332]
[16.99423, 70.622436, 32.784999]
[16.323072, 80.468597, 8.835]
[16.760053, 77.575561, 70.511428]
[16.996065, 76.868164, 10.338333]
[16.353714, 78.192901, 25.531665]
[16.534292, 78.373382, 19.445512]
[17.21319, 76.200408, 25.934999]
[16.734678, 73.466369, 11.234999]
[16.677915, 74.171356, 62.998786]
[16.678569, 77.557067, 72.518333]
[16.553125, 73.899658, 61.551273]
[17.122726, 76.320037, 37.918335]
[16.687017, 72.482391, 20.598333]
[17.092292, 68.034973, 52.404167]
[16.809473, 69.15332, 5.7133331]
[16.816072, 78.418212, 11.883333]
[16.788198, 71.724762, 33.014999]
[16.563575, 70.594207, 26.236665]
[16.823993, 73.566314, 29.51]
[16.667099, 77.22705, 14.803333]
[16.627779, 74.358795, 16.631666]
[17.070053, 72.115997, 58.919117]
[16.903205, 75.325103, 20.181667]
[16.8535, 71.305297, 24.866428]
[16.437046, 71.343536, 11.561666]
[16.681957, 74.184631, 10.231666]
[16.954948, 72.25711, 104.6923]
[16.673069, 72.905029, 36.338333]
[16.883588, 76.057739, 42.813331]
[16.555622, 76.273071, 48.328334]
[16.47105, 75.80664, 27.994047]
[17.01893, 70.22174, 42.668335]
[16.552003, 71.095275, 23.153333]
[16.723053, 75.312988, 12.586667]
[17.087268, 71.734436, 27.911666]
[17.206455, 74.228973, 78.995002]
[16.688709, 76.833282, 40.854999]
[16.446346, 78.287719, 54.633205]
[16.45396, 72.042846, 29.83119]
[16.845075, 74.147857, 11.22119]
[16.703119, 71.261444, 13.409999]
[16.620822, 71.577697, 5.5016665]
[17.228467, 74.161132, 26.078332]
[17.005834, 74.322479, 9.809762]
[16.596725, 77.116638, 60.330001]
[17.229139, 75.044372, 66.245002]
[16.959495, 73.617126, 37.444522]
[16.635082, 73.195373, 17.441968]
[16.536472, 77.27713, 39.671665]
[17.109111, 71.619171, 15.13]
[16.874799, 79.791534, 7.5333333]
[16.880439, 76.445709, 13.436666]
[16.8887, 75.298858, 13.6125]
[17.060588, 69.384887, 31.871666]
[16.952861, 71.579956, 31.713333]
[16.658369, 71.768127, 39.581665]
[16.971668, 69.938964, 71.73545]
[17.020132, 73.082489, 15.006667]
[16.96026, 74.88385, 31.254047]
[16.471664, 74.531768, 13.248333]
[16.941589, 74.354278, 77.447502]
[17.13974, 73.895355, 97.418335]
[16.932596, 74.86325, 29.451665]
[16.919103, 76.674652, 23.864522]
[16.868215, 72.489715, 21.495]
[17.024841, 75.146118, 56.018787]
[17.380373, 73.111053, 36.016227]
[16.918138, 71.657623, 24.571189]
[16.933298, 76.716308, 32.379047]
[17.201219, 75.225067, 11.331666]
[16.957557, 72.585144, 27.643333]
[16.220808, 73.236694, 10.691666]
[17.056997, 74.378814, 42.796569]
[17.22817, 82.747436, 10.891666]
[16.618749, 75.872467, 7.2750001]
[16.345258, 76.848144, 26.043333]
[17.155443, 72.740387, 8.8999996]
[16.467464, 72.225006, 33.226188]
[16.522022, 69.311676, 75.078331]
[17.206461, 74.483062, 29.285303]
[16.903747, 66.065551, 9.1949996]
[16.793106, 78.542175, 13.22]
[17.097938, 73.331512, 22.534999]
[17.005163, 74.390197, 5.8049998]
[16.802433, 71.423004, 27.135833]
[16.445631, 70.056304, 43.366428]
[16.9398, 74.535156, 21.191667]
[17.207738, 75.513855, 33.365303]
[17.011823, 68.474243, 53.09119]
[16.815401, 77.587677, 6.6466665]
[17.293054, 75.807617, 54.369583]
[17.209142, 77.280304, 17.273332]
[16.641338, 73.934265, 21.76]
[16.805656, 75.20996, 43.013462]
[16.729362, 74.62149, 33.663333]
[17.135685, 71.418609, 10.081666]
[17.128665, 80.614685, 54.838333]
[17.06948, 76.544311, 28.697856]
[16.783453, 69.423156, 53.525001]
[16.638259, 73.810394, 32.969242]
[17.009351, 72.870147, 15.752575]
[17.064415, 70.173217, 11.38]
[17.324989, 75.673675, 28.911666]
[17.060476, 70.928436, 30.426666]
[16.711921, 72.834228, 26.911666]
[17.284177, 79.351654, 10.921667]
[17.160158, 66.26538, 30.266666]
[17.056575, 77.058258, 17.684999]
[16.713779, 76.780151, 12.3]
[16.89129, 78.746521, 23.435833]
[16.758853, 73.830078, 30.893333]
[16.792053, 73.607421, 26.282499]
[16.237457, 70.061798, 51.531471]
[17.183452, 72.350097, 18.913333]
[16.824985, 62.095947, 19.041666]
[17.171697, 72.650238, 23.051969]
[17.252244, 77.514495, 10.058333]
[17.022333, 77.73056, 28.0]
[16.74102, 70.182556, 39.650383]
[16.587234, 74.152771, 12.395]
[17.094532, 74.754394, 28.996666]
[16.568561, 75.835723, 41.282878]
[16.632801, 75.175415, 7.2333331]
[16.693279, 72.806182, 10.011666]
[17.304618, 76.893219, 11.668333]
[17.064283, 74.172332, 49.927822]
[16.724342, 73.524139, 16.375]
[17.354488, 68.653198, 41.038333]
[16.40669, 70.478607, 7.6866664]
[16.455516, 73.185424, 26.773332]
[16.488756, 75.900543, 21.111665]
[16.553876, 78.461669, 22.951665]
[16.980632, 72.254943, 21.334999]
[16.956596, 74.600647, 29.481666]
[17.320861, 74.671508, 28.479999]
[16.873706, 76.438995, 45.975833]
[16.788349, 76.232543, 46.506668]
[16.823902, 77.353729, 5.4616665]
[16.786336, 75.344207, 13.755833]
[16.514638, 75.408172, 83.283569]
[17.05731, 72.683105, 22.895]
[16.59921, 69.094665, 30.003334]
[16.769659, 69.955444, 37.350097]
[17.070905, 72.692901, 26.663333]
[16.504541, 72.924957, 64.25]
[16.697341, 77.774902, 13.64106]
[17.221183, 72.406585, 12.413332]
[16.602525, 70.556945, 26.934999]
[17.182952, 77.454925, 17.254999]
[16.843236, 65.787262, 20.834999]
[17.351186, 72.238586, 48.318332]
[16.731798, 69.15686, 15.929166]
[16.797885, 75.059204, 31.479999]
[17.156343, 74.195648, 23.74119]
[16.957746, 71.366455, 33.193332]
[16.891511, 74.464721, 41.369243]
[17.058013, 68.947876, 66.429046]
[16.968664, 72.787048, 52.753334]
[16.963731, 76.970001, 116.22]
[16.845493, 72.894317, 35.715]
[16.790321, 74.931884, 16.094999]
[16.373498, 67.422515, 12.965]
[17.282774, 73.326934, 15.684047]
[16.828424, 77.748168, 30.953332]
[16.959697, 74.040435, 32.194999]
[17.070264, 71.449157, 6.6300001]
[16.601402, 72.29248, 33.343334]
[16.601263, 74.795776, 29.165512]
[16.805538, 73.942657, 13.104999]
[16.701574, 78.310485, 18.231666]
[16.985244, 74.420684, 38.12881]
[16.901441, 72.178405, 23.581666]
[17.233631, 70.864654, 39.263332]
[16.677251, 71.122375, 15.564999]
[16.785165, 75.096435, 50.088333]
[16.892559, 70.821167, 24.389999]
[17.10935, 55.187957, 8.1450004]
[16.761732, 72.190094, 73.080001]
[16.816705, 72.426666, 26.581666]
[17.279138, 72.365203, 35.273334]
[16.8908, 71.086853, 21.938333]
[16.740928, 71.839691, 78.073692]
[16.685501, 74.476623, 50.816665]
[16.739452, 71.915618, 85.268333]
[16.912977, 73.372802, 16.594999]
[16.957351, 70.024169, 32.60625]
[16.881069, 71.044494, 7.6933331]
[16.797445, 73.581848, 11.681666]
[16.907777, 72.95288, 16.77]
[16.676347, 72.881256, 24.433332]
[16.833234, 78.782592, 13.381667]
[17.073461, 75.040924, 27.189762]
[16.967216, 74.999389, 7.8200001]
[17.004331, 74.028778, 25.378334]
[16.730556, 67.928985, 29.548334]
[16.591907, 70.520263, 49.411666]
[17.240512, 71.465667, 54.951427]
[17.141323, 71.225372, 24.795909]
[16.462431, 72.653137, 10.393333]
[16.590267, 76.833343, 10.92]
[16.653701, 70.117828, 17.400714]
[16.651453, 76.733093, 16.772499]
[17.056053, 74.281189, 23.583334]
[16.408998, 76.259491, 39.141429]
[17.037262, 74.2182, 34.958332]
[17.345069, 71.466095, 39.729999]
[16.881698, 74.533203, 22.731666]
[16.768146, 69.635589, 15.911666]
[17.252285, 68.739135, 26.543333]
[17.106004, 73.28302, 11.84]
[16.641487, 67.965515, 15.05]
[16.751583, 74.392089, 55.351665]
[16.786039, 77.303192, 21.798635]
[16.974239, 74.86795, 40.561428]
[16.706939, 71.553924, 37.913333]
[16.575532, 77.763031, 28.933332]
[16.900156, 74.152252, 12.593333]
[16.460769, 74.790222, 32.845001]
[17.058605, 70.378418, 107.82457]
[16.754184, 73.765625, 20.568332]
[16.650262, 75.832702, 85.651062]
[16.640302, 76.886993, 47.228096]
[16.810865, 78.232818, 132.06813]
[16.552961, 69.083099, 50.869998]
[16.970932, 76.193145, 38.318847]
[16.878398, 69.0625, 63.67197]
[16.878366, 70.67099, 40.494998]
[16.663814, 69.542755, 37.926666]
[16.981374, 530.57777, 5.2233333]
[17.214082, 76.288024, 18.580715]
[16.922489, 70.376953, 89.926666]
[16.687072, 70.723999, 34.188331]
[16.9521, 72.919616, 27.411666]
[17.251461, 75.891449, 25.175832]
[16.613363, 67.426055, 64.899032]
[16.489826, 71.340271, 17.776666]
[16.583723, 69.384521, 31.573333]
[16.403862, 71.784423, 20.646667]
[17.355783, 72.1445, 14.836667]
[16.911947, 74.591766, 20.078332]
[17.006898, 78.516998, 63.536567]
[16.771152, 72.696716, 9.5716667]
[16.664884, 72.655395, 43.701667]
[17.157518, 74.767822, 31.393333]
[16.993541, 73.037902, 17.128334]
[16.828773, 74.619537, 47.811668]
[16.428756, 77.127258, 32.713333]
[17.1891, 70.51593, 10.008333]
[17.031356, 72.455627, 14.044047]
[16.320711, 72.665374, 18.265302]
[16.333353, 75.707366, 53.146251]
[16.485645, 71.39624, 30.409999]
[16.363277, 73.651641, 31.456666]
[16.786954, 72.245941, 26.093334]
[16.84987, 75.691101, 20.236665]
[16.965332, 78.971862, 12.301666]
[16.953495, 70.081756, 23.571666]
[16.719936, 77.150268, 20.048334]
[16.488885, 67.097595, 22.091667]
[16.966354, 72.822235, 35.869998]
[16.767278, 78.499298, 22.995]
[16.864343, 76.136261, 15.074999]
[17.051225, 70.578338, 56.5]
[16.721847, 75.128631, 53.815757]
[17.068466, 69.028167, 40.041061]
[16.73229, 213.38269, 5.1599998]
[16.572223, 70.864685, 20.083334]
[16.615036, 76.462219, 29.553094]
[16.87807, 69.678344, 38.475715]
[17.259502, 70.896453, 19.34]
[16.972497, 67.574432, 7.8016667]
[16.386863, 69.543853, 8.6049995]
[16.330354, 76.517913, 35.499847]
[16.740266, 70.591552, 17.710714]
[16.919504, 75.146179, 20.423334]
[16.76399, 77.442108, 20.348333]
[16.912847, 68.163635, 25.373333]
[16.984001, 74.651458, 28.597856]
[16.715532, 73.256866, 22.67]
[16.789035, 72.882019, 17.870384]
[16.943277, 77.079162, 33.113205]
[17.038805, 78.324218, 7.5740475]
[16.251369, 70.789184, 36.343334]
[16.803247, 78.900329, 8.9216671]
[16.898223, 70.453949, 34.776668]
[16.927362, 74.053405, 25.976667]
[16.82426, 69.636322, 24.889999]
[17.602035, 74.039489, 21.978332]
[16.802091, 72.672088, 45.638332]
[17.310436, 74.089721, 15.383333]
[17.551576, 75.139709, 19.311666]
[16.373365, 75.194671, 16.974046]
[16.985673, 76.382537, 30.333334]
[16.772939, 74.16748, 45.316665]
[17.255069, 75.529693, 12.011666]
[16.932432, 72.065734, 89.849227]
[16.465522, 72.312469, 22.774524]
[16.983667, 75.758087, 91.421127]
[17.073123, 76.332092, 37.400001]
[17.562852, 68.892913, 15.846666]
[17.074985, 70.345489, 63.389583]
[16.247552, 80.587127, 103.15499]
[17.143545, 72.329162, 18.660715]
[16.951196, 70.582977, 23.283094]
[16.666059, 64.789001, 7.3816666]
[17.191667, 72.250335, 55.731666]
[17.197439, 74.073425, 38.546665]
[16.789009, 77.884552, 5.9983334]
[17.01242, 72.484344, 8.7673807]
[16.529886, 69.021209, 26.616666]
[16.811912, 73.184356, 24.388334]
[17.022321, 75.17691, 33.013332]
[16.827459, 462.20863, 5.2366666]
[16.578071, 74.410369, 29.748333]
[16.629873, 77.945159, 42.173332]
[17.190568, 72.990722, 24.069999]
[16.565219, 74.311889, 34.962947]
[17.295642, 69.184356, 27.559166]
[16.627759, 77.920959, 20.155]
[16.937358, 72.263885, 49.50357]
[16.85161, 77.18515, 51.508335]
[16.754999, 76.675201, 10.899999]
[17.063653, 74.560974, 55.812915]
[16.997728, 69.918029, 25.703332]
[16.863489, 74.512664, 27.886667]
[16.829555, 75.79898, 70.556762]
[16.555494, 80.802215, 15.56119]
[16.864963, 75.040832, 15.345302]
[16.881618, 70.163024, 21.411666]
[17.177265, 75.338256, 16.27]
[16.67554, 73.517089, 23.729524]
[17.357418, 76.565338, 26.251667]
[17.076959, 77.154846, 88.568046]
[17.23117, 69.751342, 29.213182]
[16.894105, 72.834289, 18.027381]
[16.785757, 74.087524, 37.423332]
[16.380477, 78.290283, 22.506427]
[17.281814, 75.157135, 186.255]
[17.071746, 74.635467, 15.239999]
[17.286706, 71.95343, 5.25]
[17.100355, 73.703186, 60.536281]
[16.805227, 74.533264, 10.070714]
[16.746357, 75.893463, 12.433333]
[16.478151, 74.552185, 40.624607]
[16.926864, 73.41745, 23.238845]
[16.702817, 73.725341, 19.111665]
[17.050315, 70.477996, 101.52969]
[16.833053, 73.239837, 51.978332]
[16.908371, 75.748199, 68.684219]
[16.956802, 76.629028, 8.4533329]
[16.624446, 73.709137, 19.254999]
[16.48715, 78.116027, 9.4440479]
[16.785678, 77.98941, 21.448333]
[16.864328, 72.968322, 65.585479]
[16.622682, 72.211669, 9.1300001]
[17.366048, 71.668975, 28.358333]
[16.99863, 75.100463, 84.914566]
[16.521814, 71.385711, 42.439525]
[16.889686, 78.429534, 23.245]
[16.915767, 64.794677, 6.9524998]
[16.997835, 72.022888, 56.998333]
[16.247564, 74.947296, 6.2033333]
[16.677667, 73.041656, 15.543333]
[16.70236, 76.445312, 39.936668]
[16.495136, 73.624084, 12.006667]
[16.725696, 71.046051, 18.928333]
[17.00365, 70.706024, 8.0699996]
[16.407403, 71.975402, 5.9216666]
[17.058702, 69.480896, 22.958334]
[16.472047, 70.659606, 59.854999]
[16.501548, 75.226318, 31.415]
[16.692922, 73.07788, 59.194358]
[16.969026, 72.27655, 85.196907]
[16.532505, 69.039581, 22.898332]
[16.765642, 75.349426, 83.697502]
[16.972927, 76.396026, 33.132576]
[16.762065, 77.24057, 19.143333]
[16.204767, 71.162017, 26.243333]
[16.91612, 70.818603, 95.949287]
[17.293933, 73.162689, 75.549743]
[16.370794, 76.488037, 34.673332]
[16.970487, 74.506652, 10.328332]
[16.775247, 74.492248, 16.61738]
[16.903108, 77.812439, 21.271667]
[16.910518, 76.871337, 13.493332]
[16.890728, 74.028503, 7.4000001]
[16.711902, 69.957336, 20.129999]
[16.501709, 75.771026, 5.94]
[16.816499, 70.687591, 21.246666]
[17.201387, 72.243103, 17.126667]
[16.741138, 73.516998, 28.329999]
[16.773992, 71.303985, 74.969284]
[17.041589, 72.01538, 67.993331]
[16.238681, 140.49694, 5.73]
[16.526783, 73.398101, 49.080001]
[16.854393, 76.688995, 39.569999]
[16.76818, 74.078155, 8.1166667]
[16.631555, 70.536254, 23.029167]
[17.065828, 67.352874, 27.181667]
[16.827919, 72.255401, 14.523333]
[16.944665, 72.823242, 52.479999]
[16.548936, 74.792999, 15.369848]
[17.373661, 71.953949, 6.065]
[16.635656, 81.186248, 34.029998]
[17.281919, 69.555542, 13.068333]
[16.740842, 81.797515, 27.006666]
[17.207273, 69.896484, 19.228332]
[16.78429, 76.486663, 34.126667]
[16.958814, 76.385253, 76.238334]
[16.598848, 78.4104, 26.319999]
[16.700998, 73.353302, 5.1883335]
[16.775657, 75.089996, 58.793335]
[16.969617, 76.438873, 23.575]
[17.310558, 76.565979, 26.309999]
[17.032724, 71.229888, 58.273334]
[16.543214, 71.812042, 33.668335]
[17.015008, 77.481536, 63.79346]
[16.907615, 72.966583, 8.8625001]
[16.709798, 78.401947, 43.901275]
[16.687444, 79.132751, 38.60218]
[16.527328, 74.238952, 34.064998]
[16.593053, 76.585022, 16.954999]
[16.659296, 74.329559, 46.830001]
[17.218803, 71.794189, 36.54]
[16.95532, 245.54345, 5.4292426]
[16.786798, 72.703857, 16.256666]
[17.149492, 73.455688, 37.538333]
[17.127485, 78.007873, 14.593333]
[17.25864, 76.310455, 50.227981]
[16.666687, 77.15036, 33.293716]
[16.814083, 71.049804, 22.395]
[16.721057, 71.618377, 29.556667]
[17.134014, 74.169616, 22.302499]
[17.111639, 76.252502, 78.625473]
[17.351568, 71.282501, 63.135475]
[17.063331, 70.423339, 37.778331]
[16.921541, 73.021087, 48.176666]
[16.738451, 74.215393, 26.873333]
[16.833112, 76.069915, 28.791666]
[16.489654, 73.144256, 28.816429]
[16.778127, 78.247802, 35.599166]
[17.031297, 77.037567, 18.536666]
[16.315296, 76.797149, 32.541667]
[16.690959, 70.448333, 41.259243]
[17.274379, 72.411071, 51.223331]
[16.969169, 75.792419, 33.809047]
[16.70314, 71.417511, 33.201667]
[17.045244, 60.635223, 43.776668]
[16.699899, 71.015564, 27.353332]
[16.719976, 77.539581, 34.525001]
[16.640426, 74.678802, 28.363332]
[16.357561, 71.663696, 29.11]
[16.89772, 70.669097, 33.971191]
[16.992664, 75.267181, 10.773095]
[17.015537, 68.749664, 28.272949]
[16.587453, 75.78717, 9.0933332]
[16.553663, 73.708618, 12.779999]
[16.812139, 74.337188, 25.623333]
[16.715808, 73.222961, 9.5183334]
[16.662904, 76.749572, 36.470882]
[16.699502, 73.854248, 74.77333]
[16.60275, 78.970855, 45.279048]
[16.886026, 76.288482, 39.255001]
[16.320203, 77.36557, 35.645]
[17.112205, 75.720855, 9.0516662]
[16.53252, 69.631774, 16.526666]
[16.620327, 71.082305, 20.364999]
[17.088689, 74.732086, 21.168333]
[17.07648, 73.293975, 9.4883337]
[17.354957, 78.361206, 70.853332]
[16.940494, 80.552917, 18.326211]
[17.335271, 73.075225, 15.971666]
[16.78535, 70.137054, 24.36]
[16.649576, 75.22113, 7.8158335]
[17.017351, 76.213104, 7.7199997]
[16.386865, 66.071746, 48.823333]
[16.618236, 69.640167, 38.948333]
[16.943779, 72.975738, 52.290386]
[16.933553, 71.965545, 70.580001]
[16.615015, 72.595001, 16.863094]
[16.58465, 69.087829, 26.636667]
[16.580463, 76.280853, 7.5783333]
[16.831405, 76.387634, 24.814394]
[16.839387, 532.47157, 5.23]
[16.853231, 76.28302, 35.369762]
[16.695735, 79.619842, 49.423332]
[16.689842, 78.940368, 32.293335]
[16.809202, 76.158752, 42.84272]
[16.892917, 71.718902, 15.604999]
[16.359149, 73.227569, 86.93077]
[16.711847, 73.059478, 40.380001]
[16.974914, 74.583343, 33.494998]
[16.600885, 74.047027, 15.074999]
[16.988506, 74.766937, 51.405391]
[16.937252, 74.728729, 42.366664]
[16.96515, 76.395019, 23.083334]
[16.934959, 81.070556, 18.796667]
[16.872072, 75.485321, 22.156665]
[16.997476, 68.283233, 34.098331]
[16.30426, 75.733673, 70.449996]
[16.867767, 78.090728, 26.134523]
[16.894849, 74.251892, 11.145833]
[16.844018, 69.468841, 44.423332]
[16.881057, 73.17868, 31.031665]
[16.603666, 73.339111, 58.455001]
[17.034038, 78.154327, 17.524999]
[16.994733, 75.65335, 59.212856]
[17.074752, 72.513244, 33.892879]
[16.674474, 74.760925, 65.092384]
[16.721281, 74.048736, 27.149999]
[16.276123, 74.386535, 39.618331]
[17.216636, 510.77235, 5.175909]
[16.569738, 75.109497, 12.528333]
[16.531036, 75.810119, 33.309543]
[16.939569, 74.049713, 43.186668]
[16.774341, 75.5578, 18.141666]
[17.123584, 77.279541, 17.049999]
[16.731332, 75.951995, 26.36]
[17.154233, 70.286041, 25.641666]
[16.539098, 70.305999, 35.546211]
[16.250671, 76.118957, 23.409999]
[16.794956, 77.415802, 27.344394]
[16.894798, 75.460845, 18.364999]
[16.997957, 72.082244, 18.011667]
[16.640386, 78.475799, 40.772499]
[16.580095, 72.736053, 13.583333]
[16.895702, 74.829803, 50.390384]
[17.167211, 72.747131, 34.733333]
[16.976245, 74.704162, 8.8133335]
[16.433099, 73.045959, 13.906666]