#t2730.txt, PH, ToF, MCP PH
[79.527885, 71.869842, 28.251667]
[79.799919, 72.0867, 9.2466669]
[79.512214, 70.895019, 15.734999]
[79.924217, 71.380493, 36.966667]
[79.842201, 72.345245, 31.549999]
[79.751464, 72.555114, 57.029583]
[79.899971, 72.134918, 20.211191]
[79.864463, 71.720672, 38.305908]
[79.938209, 71.003845, 32.93106]
[79.60926, 71.589447, 45.700882]
[79.704238, 71.072357, 11.345]
[79.724044, 71.697174, 14.625]
[80.002037, 72.044647, 7.2066664]
[79.927063, 72.143432, 39.436668]
[79.473892, 72.596527, 27.674999]
[79.837219, 70.879394, 16.034048]
[79.733482, 71.239135, 43.141666]
[79.488586, 71.987487, 39.93]
[79.690605, 72.622283, 12.176666]
[80.312942, 72.560546, 78.443336]
[79.22853, 71.770904, 37.559166]
[79.551643, 71.603027, 25.519166]
[79.515785, 70.760192, 6.1116666]
[79.408103, 71.340972, 28.596666]
[79.830635, 72.146667, 32.551666]
[80.131629, 71.850067, 21.013334]
[79.382209, 71.923187, 22.886667]
[79.215171, 72.235473, 51.724998]
[79.263679, 72.457153, 23.186666]
[79.634635, 71.458587, 36.796794]
[79.718383, 72.05606, 15.669761]
[79.984031, 73.013214, 7.0266666]
[79.690147, 71.75296, 90.859443]
[79.474174, 72.89746, 25.319999]
[79.350143, 71.385925, 53.211666]
[79.921791, 71.444732, 27.85]
[79.50637, 70.652191, 49.879547]
[79.609581, 72.509704, 26.478332]
[79.221138, 72.629058, 46.173332]
[79.844093, 72.21817, 46.773334]
[80.134857, 71.573852, 38.028331]
[79.669044, 71.478698, 23.519243]
[79.473762, 71.831573, 23.665]
[80.227142, 70.569549, 26.773332]
[79.40052, 72.17691, 56.238334]
[79.492736, 72.17807, 39.449848]
[79.667213, 72.382019, 27.623333]
[79.79422, 71.822143, 19.195303]
[79.660209, 72.643219, 11.683333]
[79.846305, 72.970306, 12.653333]
[79.644386, 72.945678, 15.188846]
[79.858184, 72.527374, 15.313095]
[79.286788, 71.294281, 8.2940473]
[79.70932, 71.231292, 7.1533331]
[79.614624, 72.069397, 43.019165]
[79.403854, 71.987365, 68.24958]
[79.688499, 70.613189, 5.7150001]
[79.450126, 73.034851, 6.1816668]
[79.6044, 71.57669, 28.875]
[79.687675, 71.406463, 16.583095]
[80.113136, 72.2807, 36.496189]
[79.438079, 72.89035, 24.318845]
[79.533546, 72.914032, 32.257942]
[79.794242, 72.056823, 22.742576]
[79.860649, 70.907409, 18.661666]
[79.654686, 71.529602, 8.3633337]
[79.644065, 71.77005, 6.9299998]
[79.535423, 71.601379, 7.1500001]
[79.599708, 71.362091, 30.36]
[79.977111, 71.442291, 31.309999]
[80.062965, 71.251525, 42.931667]
[80.03009, 72.359252, 22.393095]
[80.167579, 72.747955, 45.443206]
[79.560188, 72.651001, 16.583334]
[79.611183, 72.360015, 8.7366666]
[79.196632, 72.826293, 11.329761]
[79.659118, 71.137329, 16.821666]
[79.820938, 71.761077, 42.465]
[79.66027, 71.257904, 53.526668]
[79.773811, 71.35025, 71.65879]
[79.849929, 72.056091, 27.325]
[79.943077, 72.398101, 47.272499]
[79.650886, 71.585449, 18.613332]
[80.023483, 72.394409, 24.9925]
[79.82315, 73.042511, 31.549999]
[79.560554, 72.078674, 24.764999]
[79.824211, 71.008026, 24.371666]
[79.809852, 72.06488, 29.050714]
[79.446235, 72.345489, 30.114999]
[79.740074, 71.402618, 35.61]
[79.818885, 71.900054, 20.01]
[79.546989, 73.76123, 6.0583334]
[79.156692, 72.514221, 26.057727]
[79.636253, 72.192718, 26.524999]
[79.769226, 72.376403, 10.943333]
[79.569526, 71.924163, 40.45782]
[79.343536, 75.571624, 19.334999]
[79.745109, 71.455749, 76.748336]
[80.057716, 71.724426, 41.688636]
[79.732513, 72.928741, 25.202949]
[79.244064, 73.383606, 5.5549998]
[79.438903, 73.286651, 21.735]
[79.590621, 71.513946, 52.555]
[79.790275, 70.460235, 60.128334]
[79.089164, 71.332, 27.825]
[79.583793, 56.545623, 7.4183335]
[79.421173, 73.045349, 14.925]
[79.711807, 72.041229, 22.191667]
[79.78292, 72.172363, 23.443332]
[79.364387, 73.650512, 39.053333]
[79.622009, 71.627624, 44.772617]
[79.381904, 70.881927, 41.778095]
[79.181755, 72.993316, 29.171667]
[79.591842, 71.420562, 13.721666]
[79.776222, 71.881042, 13.831666]
[79.455894, 71.687988, 43.841667]
[79.797554, 73.159393, 22.043094]
[79.633132, 71.658355, 19.346666]
[79.985939, 72.133361, 45.616664]
[79.540435, 71.619049, 23.304523]
[79.559104, 72.487762, 28.863332]
[79.294036, 72.631561, 34.505714]
[79.370567, 72.241241, 14.552499]
[79.442878, 71.121704, 15.431666]
[80.037002, 193.21908, 5.5530953]
[79.720428, 71.652435, 43.186569]
[79.686225, 72.001312, 14.013333]
[79.475189, 71.645202, 7.3200001]
[79.272468, 72.258941, 17.503334]
[79.770607, 71.896972, 24.25]
[79.583831, 73.052734, 17.501667]
[79.351234, 71.904388, 56.463333]
[79.96067, 72.50177, 14.028333]
[79.374679, 71.615387, 44.879116]
[79.4207, 73.283386, 6.8533334]
[79.818092, 72.656097, 5.8200001]
[79.276786, 72.667297, 13.816428]
[79.537033, 72.609283, 28.854761]
[79.923751, 71.578399, 13.091666]
[79.937789, 72.035247, 63.598331]
[79.95227, 71.698638, 70.862915]
[79.537162, 73.382141, 33.44625]
[79.947219, 72.501739, 162.98594]
[80.057045, 71.303894, 16.988332]
[79.655715, 71.566345, 30.726667]
[79.731216, 71.092712, 62.700832]
[79.243423, 58.643096, 27.103332]
[79.67633, 72.182983, 28.253095]
[80.090728, 72.204406, 18.806428]
[79.504592, 72.651306, 21.834999]
[79.687812, 70.94934, 29.479999]
[79.055801, 72.373992, 22.861665]
[79.702568, 72.007995, 30.298334]
[79.778999, 72.172241, 11.996666]
[79.683631, 72.016815, 27.149999]
[79.723182, 70.404968, 27.113332]
[79.633972, 72.620727, 14.443333]
[79.462806, 73.505798, 6.2416667]
[79.87445, 72.611236, 22.97738]
[79.669136, 72.234497, 7.98]
[79.812995, 74.336486, 11.998333]
[79.559455, 71.994903, 24.526538]
[79.685737, 72.697845, 61.559089]
[79.227836, 71.798217, 42.363334]
[80.122818, 72.43045, 28.899999]
[79.76667, 71.790924, 18.706666]
[79.348716, 71.08554, 37.41119]
[79.821121, 71.168212, 10.147856]
[79.283393, 72.590393, 16.451665]
[79.312912, 72.292968, 55.883335]
[79.520378, 71.34732, 22.0]
[79.926109, 71.361999, 17.308332]
[79.455421, 72.821228, 8.4683332]
[80.220367, 72.417572, 16.571666]
[79.738647, 72.777496, 17.446666]
[79.910438, 71.885894, 10.475]
[79.586799, 71.126159, 73.785003]
[79.364227, 72.024627, 18.385]
[79.531097, 72.229126, 25.428333]
[79.526466, 71.228668, 58.485]
[79.922309, 71.395019, 118.58499]
[79.835365, 71.44223, 17.629999]
[79.752594, 72.12146, 30.471666]
[79.478988, 72.738098, 24.501153]
[79.528175, 71.936554, 23.531665]
[79.589904, 71.942657, 42.54705]
[79.718009, 73.355407, 48.209613]
[79.322952, 71.440979, 15.103333]
[79.605041, 70.969116, 23.757856]
[79.664062, 71.63211, 25.713333]
[79.7332, 72.265594, 133.30267]
[79.855255, 72.081329, 16.838333]
[79.88993, 71.138763, 64.539848]
[79.452545, 72.642578, 58.551666]
[79.432937, 71.37091, 49.109523]
[79.834487, 70.689025, 29.104999]
[79.009239, 72.150482, 49.518333]
[79.100761, 73.512725, 5.6058335]
[80.045532, 72.840881, 25.952499]
[79.621147, 71.006805, 61.356227]
[79.578506, 71.705474, 19.858333]
[79.478408, 72.675537, 32.806667]
[79.145774, 71.719604, 30.027381]
[79.454826, 70.811096, 100.76727]
[79.576881, 71.867248, 41.674999]
[79.981704, 71.854553, 14.937856]
[79.955436, 72.870697, 20.67]
[80.145141, 71.704589, 49.741664]
[79.759994, 72.683105, 16.071189]
[79.910888, 72.183258, 14.45119]
[79.465484, 72.179748, 129.62307]
[79.806198, 72.073547, 19.229166]
[79.381439, 71.049896, 6.7133331]
[79.908638, 72.094574, 33.639999]
[79.67237, 71.760223, 40.906211]
[80.082496, 72.118591, 34.323204]
[79.090278, 71.989471, 49.893333]
[79.398727, 71.96585, 19.87]
[79.81475, 72.79953, 26.489242]
[79.577659, 72.35672, 52.876667]
[79.037254, 72.677215, 41.918335]
[80.070106, 71.693817, 40.106666]
[80.262664, 70.539764, 23.381666]
[79.325187, 72.955017, 104.08999]
[79.381332, 72.205596, 26.696666]
[79.888946, 71.426422, 60.646282]
[79.383552, 71.975585, 17.753334]
[79.70182, 72.161163, 26.079999]
[79.911903, 71.527679, 19.722856]
[79.437675, 72.226623, 17.908332]
[79.502983, 71.844574, 40.558334]
[79.363945, 73.515899, 12.149999]
[79.392997, 71.852172, 13.148333]
[79.257034, 70.760711, 65.273246]
[79.267471, 72.889801, 38.953334]
[79.511047, 72.184448, 7.4458332]
[79.04734, 72.040008, 26.75]
[79.666442, 71.806915, 37.471668]
[79.284767, 71.767364, 19.966667]
[79.84555, 70.418579, 10.654999]
[79.830429, 71.200134, 11.616666]
[79.910888, 72.257751, 34.058334]
[79.341926, 71.803405, 27.401666]
[79.506019, 72.595001, 17.318332]
[80.173156, 71.674194, 32.298332]
[79.249885, 71.164642, 38.384998]
[79.691391, 71.917907, 28.303333]
[80.040741, 72.17691, 70.482368]
[79.340454, 72.382263, 9.833333]
[79.459938, 84.640808, 5.2431817]
[79.657913, 72.219451, 19.075834]
[79.98011, 72.766052, 34.360714]
[79.672233, 72.283996, 12.578332]
[79.897666, 71.598358, 17.86119]
[79.91323, 72.02478, 31.886667]
[79.690994, 71.930542, 32.548332]
[79.710067, 71.567291, 24.318845]
[80.454887, 72.015136, 53.365001]
[79.907569, 72.236602, 59.776668]
[79.136604, 70.491546, 28.411666]
[79.402259, 71.773742, 27.504999]
[79.428237, 72.559326, 22.404523]
[79.699203, 72.218902, 53.261665]
[79.477737, 71.635864, 29.166515]
[79.973396, 72.129547, 20.954999]
[79.812316, 71.279754, 53.712368]
[79.059654, 73.299743, 27.770713]
[79.154365, 71.160491, 52.671863]
[79.608612, 70.59848, 6.1266665]
[79.628479, 71.658294, 11.651666]
[79.527694, 71.655578, 25.26]
[79.537971, 71.810302, 13.158333]
[79.517898, 72.026153, 18.018333]
[79.806999, 71.499725, 10.364999]
[79.820732, 72.144897, 37.409523]
[79.874671, 70.575195, 7.6316666]
[79.732048, 72.529449, 27.29619]
[79.477699, 70.547821, 13.687856]
[80.222763, 72.837524, 5.7066664]
[79.827133, 72.649261, 47.868331]
[79.742874, 72.688659, 5.9833331]
[80.157936, 72.315155, 63.393333]
[79.699035, 72.483795, 13.783333]
[79.83255, 71.898162, 41.723205]
[79.73674, 71.271362, 28.349523]
[79.535896, 71.233673, 96.993263]
[79.794029, 71.625915, 31.948333]
[79.860298, 71.712768, 18.155]
[79.505142, 72.181671, 22.648332]
[79.634216, 71.812866, 37.641666]
[79.654884, 71.92276, 55.303333]
[79.789833, 71.890533, 21.616666]
[78.970405, 72.567779, 13.941666]
[79.848106, 72.410827, 8.4366664]
[79.564941, 71.053192, 21.104999]
[79.438499, 71.638793, 38.178333]
[79.833503, 72.706298, 17.541666]
[79.542442, 72.112213, 29.176666]
[79.673263, 71.993957, 20.673095]
[79.399948, 72.041564, 8.0483331]
[79.673538, 71.727203, 11.689999]
[79.751503, 71.325622, 50.060001]
[79.127319, 72.467102, 67.358329]
[79.393997, 71.72998, 9.7600002]
[79.78125, 72.068389, 41.975833]
[79.480079, 72.021728, 45.354999]
[79.285202, 71.215545, 50.516666]
[79.513801, 72.178039, 25.818332]
[79.202308, 72.543792, 21.79738]
[79.699005, 72.480957, 23.113332]
[79.762558, 71.661956, 18.1025]
[79.72409, 71.688049, 17.809999]
[79.466568, 71.600921, 12.066666]
[79.568389, 72.327179, 25.559999]
[79.311584, 71.242981, 21.571189]
[79.476608, 71.310058, 7.2633333]
[79.512657, 72.157043, 26.968334]
[79.264343, 72.052948, 52.005001]
[79.774101, 72.424316, 13.649999]
[79.670845, 71.199157, 14.75738]
[79.223365, 71.441497, 60.320385]
[79.546791, 104.79534, 5.1300001]
[79.781021, 72.229217, 11.770714]
[79.903579, 70.401977, 34.657379]
[79.548149, 72.493804, 20.87]
[79.679878, 71.517669, 65.415473]
[79.535965, 72.832946, 36.838333]
[79.420684, 73.614471, 49.349208]
[79.954742, 72.610473, 40.856666]
[79.786003, 71.485351, 17.126667]
[79.671318, 72.338897, 36.938331]
[80.19384, 71.967224, 36.60147]
[79.45047, 72.203064, 29.772499]
[79.780151, 71.882598, 35.334999]
[79.458602, 73.042602, 23.506666]
[79.003685, 72.860778, 29.808332]
[79.110725, 72.001312, 62.949047]
[80.027069, 71.100677, 14.241666]
[79.437194, 72.126007, 19.9925]
[79.455215, 71.537994, 52.158332]
[79.650268, 71.963775, 14.555832]
[79.832603, 72.512237, 33.935909]
[79.552848, 71.638458, 12.619761]
[79.81488, 72.312255, 35.645]
[79.982757, 72.859741, 16.77]
[79.801223, 71.118316, 41.08218]
[79.756012, 72.444946, 31.751667]
[79.868904, 70.982574, 21.549999]
[79.802757, 71.155975, 20.58197]
[79.362136, 70.93106, 24.6]
[79.593551, 71.677276, 11.2825]
[79.399513, 72.043212, 41.91909]
[79.858345, 73.095977, 43.431152]
[79.495094, 71.960723, 26.024999]
[79.698707, 71.371795, 15.423333]
[79.368797, 72.456359, 27.651666]
[80.030586, 71.892669, 33.197052]
[79.506385, 72.580719, 7.44]
[80.192733, 72.356109, 7.0916667]
[79.802909, 72.235107, 20.595832]
[79.107353, 71.715728, 12.545833]
[79.580902, 71.48999, 18.155]
[79.388855, 72.385162, 37.418846]
[79.156768, 71.957275, 21.693096]
[79.869751, 73.102203, 27.526516]
[79.599922, 71.660156, 28.415]
[79.734336, 72.448333, 16.969999]
[79.773513, 71.92926, 6.9483332]
[79.952446, 70.488769, 5.5399999]
[79.543396, 71.601379, 18.427381]
[79.719123, 72.111358, 35.263332]
[79.270233, 72.041717, 41.936794]
[79.95124, 72.499298, 94.351318]
[79.708984, 72.408905, 61.398334]
[79.663726, 70.14093, 6.4283332]
[79.559997, 70.271972, 12.819999]
[79.864807, 71.619049, 17.136667]
[79.288917, 71.818481, 39.556667]
[79.182205, 73.313049, 26.653333]
[79.412612, 70.774047, 8.336667]
[79.332, 71.307006, 25.713333]
[79.516555, 72.247558, 18.280714]
[80.159896, 72.314544, 46.532917]
[79.544586, 72.151092, 51.562915]
[79.929679, 70.764587, 41.115909]
[79.342063, 72.739868, 24.927856]
[79.308029, 71.929809, 32.855304]
[79.939193, 70.604919, 68.532379]
[80.001388, 72.003967, 15.404999]
[79.496276, 72.134552, 21.25]
[79.400909, 71.22351, 34.843334]
[79.923545, 72.154235, 61.786666]
[80.134017, 71.584625, 46.213333]
[79.889877, 71.729614, 32.001667]
[79.975013, 72.643859, 86.579444]
[79.346168, 72.447692, 28.893333]
[79.945785, 71.516143, 7.4549999]
[79.076217, 71.808136, 11.901666]
[79.314483, 71.642272, 34.101429]
[79.597045, 71.9328, 25.68]
[79.637573, 73.136718, 14.625]
[79.268264, 72.038696, 43.481666]
[79.623298, 72.722351, 62.897548]
[80.010284, 71.870819, 39.228332]
[79.616935, 70.937377, 22.485]
[79.634437, 71.159637, 28.691667]
[79.758079, 72.011505, 40.108333]
[79.180671, 71.475372, 23.479166]
[79.669288, 72.257659, 19.086666]
[79.413322, 73.019195, 17.364999]
[79.189689, 72.094238, 11.658333]
[79.838775, 73.323089, 13.988333]
[79.566558, 72.505218, 22.014999]
[79.435867, 71.429534, 47.458332]
[79.713195, 72.367889, 22.871666]
[79.794059, 73.266967, 36.508335]
[79.49823, 71.681488, 52.368331]
[79.540321, 72.475799, 24.348333]
[79.918571, 71.300445, 34.982498]
[79.796295, 72.097656, 91.503334]
[79.984718, 71.524719, 13.178333]
[80.025459, 70.726776, 6.5216665]
[79.582138, 71.848877, 18.611665]
[79.318122, 72.721893, 42.286666]
[79.805908, 71.718353, 12.703332]
[79.286468, 72.261505, 23.729999]
[80.012001, 72.039672, 23.921667]
[80.062736, 72.586486, 21.916666]
[79.364608, 71.371643, 7.3083334]
[79.816375, 72.511169, 51.858333]
[79.691017, 71.248596, 19.1825]
[79.647567, 71.637603, 24.42]
[79.698806, 71.96878, 16.561666]
[79.47306, 71.990417, 21.508333]
[80.077896, 72.341827, 26.628334]
[79.752517, 71.618316, 23.858333]
[79.546508, 71.607605, 55.963333]
[79.786209, 72.189422, 6.2933335]
[79.277755, 72.443267, 32.579048]
[79.625114, 72.530517, 5.9783334]
[80.252868, 70.94046, 19.847726]
[78.938125, 72.177459, 28.276666]
[79.246925, 71.480804, 30.903095]
[79.320121, 72.077362, 18.201665]
[79.523254, 71.574066, 25.149761]
[79.26081, 70.59378, 36.580001]
[79.362815, 56.628326, 9.7899999]
[79.486656, 72.175323, 79.426666]
[79.3292, 72.648773, 16.488332]
[79.545845, 72.096313, 29.743181]
[79.429924, 259.09671, 5.7199997]
[79.442382, 72.019836, 56.363334]
[79.810546, 71.831787, 31.449544]
[79.954887, 72.036041, 10.963333]
[79.322639, 72.340026, 36.576793]
[79.278671, 72.339843, 7.1566667]
[79.692527, 72.209411, 30.409849]
[79.392189, 71.149505, 31.1]
[80.308219, 72.149627, 33.657856]
[79.364875, 73.541259, 22.806514]
[79.464355, 58.744476, 43.155834]
[79.34645, 72.085632, 29.223182]
[80.076141, 57.782836, 8.2233333]
[79.555145, 72.849975, 53.913333]
[79.53228, 71.127533, 25.823333]
[79.610229, 71.563842, 21.93197]
[79.70803, 73.200439, 25.25]
[79.905906, 72.7294, 15.303333]
[79.585891, 72.330749, 13.301666]
[79.500061, 71.365356, 32.255001]
[79.545616, 71.842041, 27.139165]
[79.89595, 71.612396, 24.028333]
[79.518272, 72.643371, 11.46]
[79.781944, 72.177948, 12.43]
[79.664634, 73.74887, 32.775001]
[79.323844, 72.508056, 43.046665]
[80.263336, 72.806884, 55.288333]
[79.402404, 71.433776, 18.362499]
[79.301864, 71.373016, 47.443332]
[79.976036, 71.333465, 25.886667]
[80.195037, 70.560455, 32.059047]
[79.777542, 72.522918, 21.898332]
[79.111305, 70.665863, 46.49987]
[79.66217, 72.919128, 49.138332]
[79.21936, 73.49353, 9.1983337]
[79.699577, 72.351593, 15.316666]
[79.896789, 72.589325, 49.251667]
[79.474418, 73.158081, 19.504047]
[79.268539, 71.593689, 59.264522]
[79.088066, 71.594238, 53.455001]
[79.196357, 71.697784, 62.013332]
[79.544014, 72.412231, 27.78]
[79.728828, 72.160339, 75.119384]
[79.940727, 70.9505, 39.371666]
[79.811386, 71.984252, 50.783332]
[79.421356, 72.425445, 55.194999]
[79.558013, 72.64328, 20.665832]
[79.29177, 72.072326, 18.978332]
[79.795547, 71.583343, 42.608333]
[79.89627, 71.646362, 11.651666]
[80.291542, 71.869567, 19.281665]
[80.118873, 72.350463, 58.628334]
[79.549614, 72.707366, 11.931666]
[79.212204, 72.251861, 25.501667]
[79.566642, 71.519104, 10.808333]
[79.479126, 72.009185, 11.916667]
[80.129356, 71.939605, 22.660715]
[79.713455, 71.981994, 24.236429]
[79.859314, 71.667816, 49.244606]
[79.727439, 72.763153, 27.61619]
[79.924758, 72.408691, 10.469166]
[79.449684, 71.525146, 73.051864]
[79.34851, 71.960144, 73.056381]
[79.256568, 71.921691, 81.43853]
[79.417671, 72.12622, 30.881666]
[79.790222, 71.848144, 29.723333]
[79.671867, 71.310058, 67.754219]
[79.735923, 71.502563, 37.636428]
[79.606514, 70.924377, 96.63636]
[79.393867, 71.132049, 15.8]
[79.447593, 73.545013, 57.821666]
[79.601043, 72.468353, 69.701866]
[79.773384, 71.072418, 12.135]
[79.882835, 71.947479, 14.421667]
[79.338096, 72.859283, 12.685]
[79.622985, 71.937561, 48.596668]
[79.113143, 72.587585, 36.031665]
[79.966743, 71.481262, 11.091666]
[80.171859, 71.620727, 45.376667]
[79.913429, 71.579895, 56.408096]
[79.936615, 70.591339, 58.986667]
[79.83171, 71.458526, 17.588333]
[79.696167, 70.750732, 67.551315]
[79.599861, 70.920013, 57.688331]
[79.617576, 70.464843, 22.206666]
[79.663391, 72.730438, 20.667381]
[79.693283, 72.58377, 5.5283331]
[79.100784, 72.760009, 56.229583]
[79.732246, 72.05191, 15.854999]
[79.686325, 72.088989, 51.024761]
[79.891624, 71.95758, 23.641666]
[79.593231, 71.984161, 38.253459]
[79.68814, 71.604675, 15.563333]
[79.819603, 72.677215, 29.416666]
[79.457992, 72.423889, 25.668846]
[79.915222, 55.365966, 11.633333]
[79.501487, 71.977691, 47.091968]
[79.340751, 72.899658, 12.304523]
[79.455192, 71.529266, 23.18]
[79.432869, 69.989257, 18.913333]
[79.888633, 72.842193, 26.424999]
[79.140861, 71.35083, 26.658332]
[79.264282, 71.846252, 6.4116668]
[79.115867, 71.041412, 36.704761]
[79.457641, 71.525817, 26.245]
[79.962471, 71.15213, 30.146667]
[79.217918, 72.075317, 41.67591]
[79.399566, 71.456146, 15.1]
[79.487464, 73.081726, 8.9949998]
[79.467933, 71.207519, 25.631666]
[79.848419, 71.574005, 33.409999]
[79.911582, 73.015136, 77.116668]
[79.786781, 70.804962, 13.949999]
[79.579704, 71.727996, 19.526666]
[79.990394, 72.04309, 96.506607]
[79.606384, 72.182617, 14.345]
[79.22808, 71.938201, 70.241668]
[79.761299, 72.481201, 39.888332]
[79.396644, 72.75177, 38.650001]
[79.925834, 71.842041, 44.811668]
[79.545585, 72.461883, 69.338333]
[79.830589, 71.32489, 23.063333]
[79.43663, 72.227813, 26.959999]
[79.373504, 72.305664, 15.463333]
[80.264991, 70.972564, 45.240001]
[79.276382, 71.668365, 19.308332]
[79.231552, 72.651245, 7.0516667]
[79.54898, 72.459777, 20.363332]
[79.440261, 70.600433, 25.423334]
[79.963264, 71.754791, 11.585]
[79.890358, 71.604126, 9.8400001]
[79.355697, 72.130004, 22.573333]
[79.607292, 72.819488, 53.25238]
[79.80027, 71.927276, 16.098333]
[79.022438, 71.62915, 20.472499]
[79.216941, 72.239746, 6.9983334]
[79.240051, 72.65039, 63.195758]
[79.574302, 72.624237, 65.543205]
[79.630996, 72.059051, 43.306667]
[79.766815, 72.398071, 65.586189]
[79.823364, 71.668914, 40.789241]
[79.731651, 73.238067, 20.219999]
[80.096069, 72.678253, 26.624393]
[79.672485, 71.198059, 41.641666]
[79.874588, 71.686584, 30.378334]
[79.556404, 73.174804, 12.444047]
[79.423492, 71.31958, 30.34119]
[79.789978, 72.308044, 7.8425755]
[79.594596, 71.912078, 31.236665]
[79.839767, 72.647705, 12.573333]
[79.663299, 72.28955, 52.391666]
[79.749382, 71.771392, 59.269119]
[79.870979, 72.237976, 14.071666]
[79.725433, 71.747589, 16.290714]
[79.817604, 72.243347, 26.301666]
[80.136482, 71.177917, 7.9233331]
[79.707107, 71.989074, 29.708095]
[79.649185, 71.145019, 45.743095]
[79.495788, 72.237701, 6.6100001]
[79.963241, 72.792511, 11.728333]
[79.530952, 71.775451, 47.366664]
[79.875328, 72.763763, 32.436668]
[79.600082, 72.111511, 21.28119]
[79.642005, 72.127227, 24.238332]
[79.359161, 72.006012, 25.998333]
[79.756362, 71.387939, 68.14991]
[79.837631, 72.237396, 35.784999]
[79.84423, 71.65625, 14.21]
[79.619972, 72.150543, 18.79]
[79.309425, 71.895507, 71.03952]
[79.826484, 71.722564, 27.566282]
[79.570076, 72.275451, 15.018333]
[79.789733, 71.199371, 44.016666]
[79.973793, 71.907196, 27.648332]
[80.061782, 70.425445, 49.811668]
[79.871307, 71.615875, 9.5299997]
[79.568801, 71.094909, 77.799903]
[79.244483, 73.32312, 14.83119]
[79.668151, 73.255279, 8.8016662]
[79.56771, 72.588897, 15.618332]
[79.322387, 72.566131, 17.307857]
[79.528556, 71.405853, 21.649999]
[79.773216, 72.216125, 96.336669]
[79.761421, 71.560791, 59.112949]
[79.882812, 72.457763, 9.0266666]
[79.759803, 72.034027, 44.294395]
[79.20755, 71.388061, 17.392499]
[79.328117, 71.634277, 23.511667]
[79.424903, 72.623992, 72.50991]
[79.776336, 71.947601, 46.323204]
[79.321304, 73.220123, 27.104999]
[79.606277, 72.537139, 25.993333]
[79.841102, 71.023223, 22.846666]
[80.01921, 71.307495, 15.85705]
[79.198265, 71.666259, 19.723333]
[79.783088, 71.516937, 15.036666]
[79.674621, 71.770355, 19.601667]
[79.173942, 71.881256, 21.2625]
[79.604972, 72.62799, 16.001667]
[79.769493, 72.466796, 41.99295]
[79.562171, 72.333129, 35.534648]
[79.851814, 71.0307, 27.644046]
[79.643638, 71.55072, 16.746666]
[79.558387, 73.261688, 19.924999]
[79.854888, 71.491424, 25.726667]
[79.485397, 71.505218, 50.689117]
[80.223854, 69.952758, 10.357856]
[79.154579, 72.128418, 16.225908]
[80.09439, 70.724121, 33.580001]
[79.447113, 71.471008, 48.389999]
[79.425041, 71.986969, 27.463333]
[79.490982, 73.015991, 6.3783335]
[80.093162, 72.566955, 33.892879]
[79.799011, 71.370422, 16.731666]
[79.73806, 70.804809, 58.798332]
[79.526451, 73.55841, 14.556666]
[79.665847, 70.985076, 20.181667]
[79.924217, 71.936584, 23.638334]
[80.09185, 71.586547, 18.159584]
[79.667297, 71.611602, 18.338333]
[79.664978, 72.248687, 42.266666]
[79.905151, 72.699523, 12.959242]
[79.604606, 73.111877, 77.728332]
[80.039527, 71.442321, 29.113332]
[79.720123, 72.512725, 29.083334]
[80.080383, 70.888549, 9.7883329]
[79.800659, 72.345336, 67.341667]
[79.590919, 71.06427, 8.1099996]
[79.625755, 71.497741, 117.1806]
[80.234375, 70.263793, 29.975]
[79.585098, 72.010223, 56.11]
[79.832984, 72.028076, 33.764999]
[79.498207, 72.592102, 15.5]
[79.524307, 72.549224, 13.252499]
[79.833358, 71.905151, 12.614999]
[79.515289, 72.589538, 29.156665]
[79.243568, 72.792358, 43.882179]
[79.730361, 71.998962, 35.054763]
[79.397247, 71.729797, 16.321189]
[79.412468, 71.750122, 74.448333]
[79.543083, 71.781768, 6.2883334]
[79.365928, 71.847625, 20.269166]
[79.430229, 72.35968, 31.878334]
[79.839256, 71.858642, 31.295]
[79.62635, 72.289367, 25.655]
[79.990402, 71.577209, 11.201666]
[79.997596, 71.427459, 35.465831]
[79.986656, 71.544525, 9.0916662]
[79.476013, 72.945465, 15.491666]
[79.364646, 72.039245, 52.608333]
[79.935813, 71.4234, 14.701666]
[79.020477, 71.588531, 21.075834]
[79.874137, 72.81253, 14.088333]
[79.076629, 71.83609, 28.115833]
[79.690216, 72.347656, 20.396667]
[79.398971, 72.502258, 17.066429]
[79.632072, 72.110961, 58.958332]
[79.69757, 72.196411, 6.5616664]
[79.492752, 71.652221, 56.117725]
[79.569274, 73.10913, 20.09]
[79.86174, 72.866088, 17.880714]
[79.932067, 70.929809, 58.205001]
[79.177887, 71.489776, 17.456666]
[80.168136, 71.576599, 17.836666]
[79.543235, 71.354003, 14.116666]
[79.497146, 71.918884, 14.103333]
[79.386909, 72.498352, 16.460714]
[79.620506, 72.429687, 11.761666]
[79.965034, 71.010681, 39.789047]
[79.577262, 72.311065, 52.99628]
[79.593826, 72.371887, 16.908332]
[79.974365, 72.238037, 11.686666]
[79.500801, 70.844299, 19.171667]
[79.510734, 71.975189, 27.653095]
[79.830078, 71.928527, 23.351667]
[79.201118, 71.155212, 32.123333]
[79.964996, 71.056457, 35.506538]
[79.77658, 72.816711, 24.634487]
[79.403526, 71.83789, 24.022499]
[79.793533, 72.439575, 40.378334]
[79.448905, 71.37915, 26.485]
[79.24443, 13.71582, 5.3200001]
[79.651481, 71.099578, 63.699848]
[79.657432, 72.282959, 11.798333]
[79.269355, 72.238647, 67.658332]
[79.64151, 71.040771, 17.436666]
[79.546676, 71.929901, 57.544998]
[79.70549, 72.618469, 29.656429]
[80.338378, 70.609741, 30.752574]
[79.401893, 72.673309, 27.569999]
[80.06018, 71.619262, 23.288333]
[80.092681, 70.804168, 20.898332]
[79.509704, 71.42929, 23.53738]
[79.900322, 70.711486, 32.101665]
[80.145507, 72.458435, 24.125]
[79.341438, 71.75769, 22.764999]
[79.803115, 71.879577, 17.279544]
[80.204223, 71.521667, 75.548332]
[80.264579, 71.47586, 56.906665]
[79.690963, 72.294525, 38.282856]
[79.235969, 72.962188, 10.813333]
[79.585212, 72.68695, 14.246666]
[79.557998, 72.226165, 98.410713]
[79.498634, 73.114227, 23.139999]
[79.921257, 72.285064, 9.3466663]
[79.583953, 71.408081, 22.823333]
[79.826019, 72.41571, 16.963182]
[79.668449, 71.137664, 52.421665]
[80.04869, 72.109039, 13.715]
[79.819252, 71.736511, 33.974998]
[80.237144, 71.455841, 26.165]
[79.789566, 72.742981, 49.983333]
[79.648155, 71.450531, 12.353333]
[79.400718, 72.561767, 25.93]
[79.444221, 71.672882, 26.419546]
[79.670677, 71.158935, 46.941665]
[79.500518, 72.543335, 20.266666]
[79.469993, 71.825927, 23.372499]
[79.804969, 71.701599, 50.59]
[79.249961, 72.2359, 34.037857]
[79.632644, 72.104003, 33.319999]
[79.579109, 72.208587, 51.104999]
[79.682899, 71.144958, 26.535303]
[79.376419, 71.348144, 27.631666]
[79.518188, 71.926147, 18.049999]
[79.820037, 71.960113, 36.458332]
[79.630142, 73.054779, 41.416667]
[79.128761, 71.962951, 18.327858]
[79.675972, 72.097717, 31.559999]
[79.533531, 72.695404, 30.53]
[80.076446, 72.143249, 27.372381]
[79.723892, 72.188018, 106.48333]
[79.584457, 71.830719, 15.271666]
[80.04676, 71.770599, 26.979999]
[79.162567, 71.21463, 41.391666]
[79.946495, 71.866821, 24.2325]
[79.384468, 72.069549, 10.593333]
[79.128669, 71.988037, 45.328094]
[79.244567, 72.96466, 63.869998]
[79.935127, 71.962738, 19.674999]
[79.96743, 72.71521, 24.581666]
[79.713623, 70.815582, 35.979999]
[79.499542, 72.725921, 29.292947]
[79.905693, 71.551666, 21.971969]
[79.8759, 72.276489, 19.925714]
[79.977119, 70.930328, 50.384998]
[79.201377, 71.613128, 8.3216667]
[79.410575, 72.33374, 8.3599996]
[79.121322, 72.293457, 34.573333]
[79.350929, 72.01123, 17.413095]
[79.365356, 72.783874, 31.01]
[79.758186, 71.816955, 31.575714]
[79.766357, 72.482788, 74.773231]
[79.792602, 71.60736, 25.651153]
[79.790306, 72.117187, 90.714469]
[79.216789, 72.544799, 25.444047]
[79.032653, 72.34317, 12.255833]
[79.330841, 72.837677, 45.158638]
[79.693183, 73.183288, 84.083335]
[79.443176, 72.613647, 12.652575]
[79.832969, 71.343078, 76.432144]
[79.845558, 72.606781, 48.418335]
[79.516433, 70.713104, 13.641666]
[80.200614, 72.165588, 43.545909]
[79.85704, 70.618377, 33.177379]
[79.188247, 71.455993, 55.048332]
[79.704361, 71.476409, 37.596538]
[79.754035, 71.770477, 40.163333]
[79.947975, 71.106781, 33.382499]
[79.738098, 72.052154, 49.310001]
[80.282737, 71.955932, 64.06958]
[79.549316, 70.7583, 14.136666]
[79.498443, 71.765411, 15.698333]
[80.066352, 72.160553, 6.6350002]
[79.46907, 72.447296, 62.262855]
[80.091148, 72.309356, 20.933332]
[79.439689, 73.01474, 8.4516668]
[80.048126, 71.569641, 33.352916]
[79.158012, 72.903106, 15.146666]
[79.938476, 71.791656, 26.943332]
[80.262374, 70.951873, 35.724998]
[79.383888, 71.449462, 29.795]
[79.565635, 72.38974, 31.851667]
[79.68164, 72.153228, 23.975908]
[79.226455, 72.214904, 25.336427]
[80.097801, 71.319824, 29.754999]
[79.72853, 70.65036, 38.496666]
[79.287689, 71.267059, 81.39167]
[79.860893, 70.758483, 146.86917]
[79.356308, 72.476806, 50.54245]
[79.956291, 71.549926, 17.59119]
[79.928848, 72.011077, 22.343095]
[79.972656, 72.231689, 36.204761]
[79.61338, 71.198028, 81.006668]
[79.73767, 72.922363, 14.811666]
[80.14112, 71.66809, 17.83119]
[79.961616, 71.293426, 25.116666]
[79.190643, 71.286529, 14.346666]
[79.603378, 73.116577, 20.824523]
[79.613662, 71.904449, 18.871666]
[79.895736, 71.492462, 91.105003]
[79.620002, 73.504821, 24.256666]
[79.466308, 57.665344, 20.908332]
[80.183593, 72.661987, 73.676666]
[79.252441, 71.37622, 15.469166]
[80.117141, 72.208313, 12.619242]
[79.954673, 71.909301, 19.961666]
[79.691131, 71.949035, 17.239999]
[79.303497, 71.460144, 15.608333]
[79.651969, 72.484161, 27.67]
[79.579559, 72.428344, 90.816665]
[79.787994, 71.7518, 34.128334]
[79.647064, 72.709808, 24.665832]
[79.809845, 71.400695, 10.318333]
[79.799652, 72.167511, 21.846666]
[79.932876, 73.37738, 67.849121]
[79.59497, 70.531036, 25.80738]
[79.653724, 71.332946, 17.316667]
[79.640411, 72.503692, 35.078846]
[79.220214, 71.766479, 16.921667]
[79.861595, 71.686462, 24.643333]
[79.433303, 73.215301, 74.758728]
[79.443443, 72.530944, 31.981666]
[79.736213, 72.306335, 17.311189]
[80.021476, 72.356964, 13.338333]
[79.95034, 71.190246, 21.828332]
[79.704109, 72.472686, 21.628334]
[79.915489, 71.80252, 31.145]
[79.912605, 70.609893, 20.241666]
[79.81221, 73.087158, 64.783332]
[79.508987, 72.494964, 30.376667]
[79.711914, 72.51596, 14.836667]
[79.58628, 72.031372, 59.303333]
[79.716331, 70.129486, 26.9125]
[79.472572, 72.576904, 87.371841]
[79.221008, 71.025848, 31.383333]
[79.579849, 72.925323, 12.881667]
[79.747993, 72.547332, 9.961667]
[79.661964, 72.735137, 30.344999]
[79.873733, 70.980255, 26.015302]
[79.372695, 71.280487, 12.926428]
[79.36457, 72.63272, 39.591316]
[79.388755, 72.578704, 39.622879]
[80.011245, 71.801635, 29.381153]
[80.11647, 74.294281, 24.34]
[79.820182, 71.766845, 25.009166]
[79.269866, 72.853576, 10.086667]
[79.679229, 72.824676, 9.9678573]
[79.718559, 71.436462, 14.755]
[79.487182, 58.35495, 32.79]
[79.635055, 70.677856, 16.128334]
[79.694007, 72.144195, 9.583333]
[79.499145, 71.832977, 10.778333]
[79.749321, 71.992919, 54.718093]
[79.560585, 72.686737, 16.944999]
[79.975379, 72.055053, 21.125833]
[79.684715, 72.865753, 8.5366668]
[79.678314, 71.644317, 42.991664]
[79.218544, 71.424835, 9.6983337]
[79.453575, 72.295043, 8.7200002]
[79.441627, 71.584411, 29.333334]
[79.729736, 72.02771, 29.135]
[79.151992, 72.332824, 35.228096]
[79.560127, 72.395416, 17.721666]
[80.02761, 72.85028, 20.055]
[79.878112, 72.386627, 8.4997615]
[79.332611, 71.344024, 15.798333]
[79.199104, 71.300872, 35.956665]
[79.621078, 71.376892, 11.978333]
[79.394615, 71.874328, 23.92]
[79.535263, 56.936615, 13.268333]
[79.314476, 72.471008, 23.559999]
[79.057876, 71.63681, 33.893333]
[78.980163, 71.045898, 17.854999]
[79.402275, 71.905853, 18.901666]
[79.966453, 72.690521, 27.375]
[79.999931, 71.231079, 15.376667]
[80.162704, 72.542724, 12.515]
[79.41922, 71.619537, 72.016052]
[79.901298, 70.631225, 15.204999]
[79.592491, 72.01239, 28.43]
[79.631294, 70.149108, 46.241664]
[79.73162, 70.357788, 26.108333]
[79.695686, 71.781189, 49.61]
[79.559532, 70.592468, 90.561454]
[79.733398, 72.462371, 34.443206]
[79.374656, 71.591095, 54.848331]
[79.991668, 72.417968, 30.739849]
[79.689857, 72.325347, 18.809545]
[79.714225, 71.698516, 17.808332]
[79.44609, 71.062347, 14.076666]
[79.245262, 72.572387, 81.055152]
[79.569503, 72.592193, 26.868333]
[79.13253, 71.841217, 25.246666]
[79.845764, 71.493225, 83.463333]
[79.837211, 72.314727, 8.9049997]
[79.241745, 72.177246, 52.435001]
[79.677589, 71.758972, 8.2266664]
[79.149986, 70.276367, 33.228332]
[79.754501, 71.634887, 26.076665]
[79.609176, 71.50827, 19.696428]
[79.67366, 71.688598, 24.576665]
[79.606674, 71.577026, 7.5366668]
[80.062164, 70.923889, 22.37]
[79.667755, 72.255462, 20.25]
[79.197593, 72.713012, 25.329999]
[79.71215, 72.110137, 28.267856]
[79.163108, 71.813171, 30.988332]
[79.888717, 72.479126, 27.778333]
[79.459571, 71.699646, 11.461667]
[79.76876, 71.528808, 44.694999]
[79.350326, 71.809143, 35.058334]
[79.397705, 72.162292, 30.708334]
[79.599807, 72.078002, 31.705909]
[79.43737, 72.952392, 105.86416]
[79.745582, 71.497863, 76.25727]
[79.579414, 71.82846, 5.3649997]
[79.133407, 72.338134, 17.434999]
[79.873619, 71.584899, 66.286537]
[79.895698, 72.473724, 26.048334]
[79.287559, 72.462982, 15.529999]
[79.756828, 71.920043, 17.434999]
[79.369377, 72.06546, 11.415]
[79.529579, 72.680572, 24.639848]
[79.825653, 72.367767, 10.586428]
[79.518676, 70.725738, 48.724998]
[79.891479, 70.188262, 25.056667]
[79.554039, 72.585601, 36.400001]
[79.672378, 71.640777, 20.322877]
[79.474594, 72.164642, 110.27476]
[79.931266, 71.590454, 9.0683336]
[79.95935, 71.73468, 58.8199]
[79.365951, 70.893188, 13.553333]
[79.17675, 73.54779, 14.756667]
[79.726272, 73.028564, 18.126794]
[79.640113, 71.377838, 21.909999]
[79.990356, 73.087036, 24.381666]
[79.487815, 71.981475, 43.552574]
[79.750373, 72.678039, 35.918335]
[79.414848, 72.514587, 26.396667]
[79.46315, 73.326782, 17.381666]
[79.892036, 72.3237, 101.00853]
[79.585899, 72.033935, 7.5366668]
[79.827812, 72.261657, 25.67119]
[79.443679, 71.477447, 39.056766]
[79.208389, 72.482605, 44.841667]
[79.711998, 72.087799, 32.901668]
[79.577835, 71.716033, 11.451666]
[78.850769, 71.576049, 33.146213]
[79.504867, 71.100036, 22.283332]
[79.322959, 71.375732, 18.931667]
[79.60276, 71.697265, 27.524999]
[79.600395, 71.662658, 20.399166]
[79.760284, 72.98941, 13.793333]
[79.727836, 71.050811, 51.706249]
[79.768661, 71.443298, 17.391666]
[80.276191, 71.503234, 88.338226]
[79.833465, 72.583099, 52.831665]
[80.000465, 72.342468, 18.316667]
[80.034904, 71.530822, 14.578332]
[79.672912, 70.691955, 19.645]
[79.693954, 72.236633, 84.195472]
[79.715103, 72.740081, 19.146667]
[79.664497, 71.652618, 115.68143]
[79.514396, 71.836364, 11.34]
[79.906005, 72.749389, 21.763334]
[79.470809, 71.3656, 44.806667]
[79.5326, 71.643981, 70.511314]
[79.712333, 72.003723, 15.095]
[79.745048, 70.02481, 47.904998]
[79.413833, 71.440734, 20.071666]
[79.507232, 71.704437, 13.678333]
[79.795455, 71.580505, 95.949996]
[79.549034, 72.842804, 40.113334]
[79.078582, 72.14624, 33.096515]
[79.82978, 70.94989, 37.561668]
[79.824615, 71.869903, 31.213333]
[79.388244, 71.823394, 29.103332]
[79.638465, 71.451507, 18.958334]
[79.343956, 72.280853, 51.63591]
[79.892601, 72.796661, 19.193332]
[79.711532, 72.241729, 35.023334]
[79.327751, 72.800445, 14.534999]
[79.726501, 71.936279, 35.379848]
[79.620239, 71.789154, 37.956665]
[79.440277, 72.260162, 32.069583]
[79.504028, 71.409942, 20.914047]
[79.755523, 72.068542, 64.202919]
[78.853729, 70.802795, 20.633333]
[79.741218, 71.75064, 35.773334]
[79.586578, 72.901306, 15.812878]
[79.566345, 72.033966, 61.569999]
[79.737609, 71.690216, 34.94738]
[79.734069, 71.854797, 17.921667]
[79.521713, 71.436492, 23.679847]
[79.866775, 72.325805, 20.286666]
[79.45578, 72.320343, 13.79]
[79.163742, 72.149597, 40.863334]
[78.823829, 400.01704, 5.5700001]
[79.105957, 71.331481, 20.149999]
[79.482208, 71.503265, 75.329765]
[79.377319, 71.275482, 29.743333]
[79.683029, 72.339752, 21.488332]
[79.55014, 554.90206, 5.1928572]
[79.714874, 72.427002, 11.106666]
[80.332092, 72.71112, 92.847503]
[79.658851, 72.25003, 13.671667]
[79.744369, 71.583557, 40.833332]
[79.56314, 72.089447, 17.725]
[79.346267, 72.334838, 5.1750001]
[79.532012, 72.714172, 43.904998]
[79.539939, 71.969421, 27.965]
[79.771385, 71.729126, 18.76]
[80.04512, 72.100494, 27.909999]
[79.699646, 72.312561, 15.14]
[79.780082, 72.075775, 13.956666]
[79.6081, 71.893402, 20.739999]
[79.585311, 71.838836, 29.583334]
[79.816551, 72.550994, 52.703205]
[79.872657, 71.404724, 23.62738]
[79.657394, 73.327331, 11.689999]
[79.563682, 72.039489, 15.79]
[79.787078, 71.64569, 27.463333]
[79.945716, 72.183868, 29.976667]
[79.626251, 71.60736, 45.955001]
[79.985275, 72.243652, 105.64905]
[79.14035, 72.173217, 16.058095]
[79.917038, 71.426849, 27.266794]
[79.608062, 71.876983, 31.145713]
[79.830848, 71.792205, 68.741668]
[79.439437, 72.058929, 36.599998]
[79.778801, 72.710205, 70.525001]
[79.603721, 71.446258, 18.92]
[79.717201, 72.531799, 51.208332]
[79.794181, 71.357849, 17.841667]
[79.459381, 71.47705, 31.716667]
[79.446243, 71.418945, 14.368332]
[79.489791, 72.316894, 36.169849]
[79.782592, 72.0018, 38.34346]
[79.831016, 71.905059, 30.659242]
[79.803825, 71.708892, 25.686666]
[79.397865, 71.828338, 20.11]
[79.7229, 73.095092, 21.204999]
[79.606628, 72.278533, 45.616516]
[79.646163, 71.530395, 12.300714]
[79.84848, 70.822052, 18.686666]
[79.70034, 71.675476, 55.886665]
[79.629722, 72.25772, 76.380607]
[79.931114, 72.096283, 32.158332]
[80.078491, 71.585968, 86.967025]
[79.530395, 72.269104, 39.776668]
[79.928474, 72.078186, 35.215]
[79.528533, 72.152679, 21.8125]
[79.623008, 71.767425, 86.883247]
[79.667907, 72.567749, 42.897857]
[79.724388, 71.997131, 14.366666]
[79.592651, 71.55661, 12.729999]
[79.422508, 72.470642, 42.128334]
[79.791618, 72.936157, 29.475]
[79.528282, 71.786529, 5.2750001]
[79.84967, 71.495483, 26.918846]
[80.038787, 72.238983, 30.85106]
[79.489631, 71.610473, 25.986211]
[79.953765, 71.922485, 39.694999]
[80.144264, 71.934875, 20.434999]
[79.478004, 71.753418, 51.846763]
[80.013961, 72.646057, 33.592575]
[79.99398, 72.62973, 23.411666]
[79.495765, 71.536346, 18.394523]
[79.69133, 72.875488, 9.668333]
[79.8721, 70.728088, 10.449999]
[79.736579, 72.164245, 29.782857]
[80.443336, 73.607574, 134.71546]
[79.486274, 72.474884, 71.885788]
[79.317672, 72.230224, 20.588333]
[80.064292, 72.176483, 32.409763]
[79.405281, 73.09436, 22.069999]
[79.890266, 70.418792, 7.2666668]
[80.29058, 71.832122, 49.806667]
[79.886184, 71.283172, 8.4033336]
[80.17073, 70.231018, 24.649999]
[79.514762, 71.549469, 62.636665]
[79.893745, 72.55371, 18.533332]
[79.363349, 73.255493, 8.3716669]
[79.548736, 72.322784, 24.161666]
[80.176101, 71.49826, 15.42]
[79.349021, 71.636047, 20.371666]
[79.36531, 70.165313, 16.639999]
[79.697967, 72.770874, 18.389999]
[79.616981, 72.216369, 18.846666]
[79.626815, 71.624359, 89.783332]
[79.501258, 71.667327, 35.547821]
[79.70317, 71.938415, 35.080001]
[79.161842, 71.089477, 39.27119]
[79.508232, 71.419311, 18.048334]
[79.410499, 71.653595, 6.9149999]
[79.671958, 71.382049, 112.20112]
[80.01522, 71.152008, 29.225]
[79.557258, 70.94403, 65.562141]
[79.625114, 71.590606, 117.08333]
[79.488975, 72.17044, 28.479999]
[79.831024, 71.67929, 23.221666]
[79.652984, 72.430419, 27.179166]
[79.503608, 72.491149, 38.927547]
[79.407844, 72.730621, 35.136665]
[79.22142, 71.815368, 121.33166]
[79.75032, 71.455139, 50.701152]
[79.657486, 72.57489, 63.578334]
[79.112777, 72.545959, 28.489999]
[79.470558, 72.157531, 47.999523]
[79.8367, 71.566345, 7.1149997]
[79.495285, 71.557678, 11.383333]
[79.675125, 71.703613, 36.286666]
[79.35556, 72.509246, 79.707496]
[79.791229, 73.283355, 25.333334]
[79.70256, 72.524322, 23.356666]
[79.412345, 72.517852, 9.2849998]
[79.611747, 71.215301, 27.031665]
[80.05989, 71.86383, 56.994804]
[79.808868, 71.753112, 27.256666]
[79.813629, 71.530731, 37.508335]
[79.711082, 70.910247, 18.395]
[79.747604, 71.980285, 27.665]
[79.672149, 72.128967, 32.93]
[79.882888, 71.488067, 5.4633331]
[79.66114, 71.147308, 11.965]
[79.90271, 71.585235, 27.896667]
[79.302581, 71.095428, 10.014523]
[79.689102, 71.4346, 28.441667]
[79.465103, 73.03659, 21.291666]
[79.782768, 71.070678, 34.93119]
[80.309433, 72.04837, 70.928527]
[80.05648, 72.580108, 22.691667]
[79.673019, 72.380706, 21.444393]
[79.739959, 72.024078, 92.571662]
[79.842399, 72.431518, 60.766513]
[79.67649, 71.742919, 11.623333]
[79.627594, 72.120971, 36.638332]
[79.681007, 72.859008, 25.098333]
[79.463775, 72.230835, 11.554393]
[79.84449, 72.21289, 48.755001]
[79.357429, 72.44281, 23.915]
[79.787109, 72.246368, 38.325908]
[79.862777, 72.667846, 24.291666]
[79.124656, 55.343902, 20.606666]
[79.702285, 72.081176, 8.8683328]
[79.738945, 72.905273, 51.291667]
[79.999038, 71.232391, 24.096666]
[79.708862, 71.183746, 111.90231]
[79.915832, 71.289398, 26.206666]
[79.737686, 73.106842, 75.410003]
[79.279449, 73.258972, 16.978332]
[79.869728, 71.174163, 32.869998]
[78.950691, 72.909484, 26.480384]
[79.163078, 72.735565, 28.738332]
[79.637146, 71.218139, 22.311666]
[79.628685, 71.776123, 24.046667]
[79.88919, 72.37268, 12.976666]
[79.512672, 71.179779, 6.4183335]
[79.377006, 72.230255, 17.687381]
[80.124908, 72.176452, 16.741666]
[79.787788, 73.447479, 5.6916666]
[79.51448, 70.477783, 22.136667]
[79.423622, 71.735565, 40.867549]
[79.596229, 71.832428, 26.876667]
[79.581367, 71.766418, 20.151666]
[79.65271, 72.512603, 34.191665]
[79.866729, 71.918335, 22.04]
[79.388694, 70.737457, 8.1049995]
[79.974723, 71.467529, 17.329999]
[79.279304, 72.608581, 73.156761]
[79.836891, 72.49472, 8.42]
[79.085189, 72.267974, 6.1649999]
[79.363266, 72.225158, 17.101667]
[79.689788, 71.562805, 24.933332]
[79.835449, 72.519683, 10.869999]
[80.161766, 72.867126, 5.4716668]
[79.209526, 71.549957, 15.218333]
[79.700935, 71.045623, 40.718334]
[79.815971, 72.755004, 18.715]
[80.226081, 71.991027, 26.114999]
[79.616004, 71.940185, 28.262575]
[79.897689, 72.00473, 49.291667]
[79.973403, 72.149414, 47.629547]
[79.411293, 72.493408, 17.145]
[80.04721, 70.971893, 92.105148]
[79.590255, 71.424255, 25.988332]
[79.941383, 72.23706, 29.426666]
[79.690361, 70.67279, 21.993333]
[79.576126, 71.715454, 17.718334]
[79.975517, 72.297302, 36.665]
[80.153694, 71.931762, 99.379783]
[79.950828, 72.720214, 12.506667]
[79.051429, 71.117401, 24.333334]
[80.211967, 72.098724, 24.77]
[79.650024, 70.83554, 51.975196]
[79.707237, 72.358734, 19.464048]
[79.312072, 72.33023, 8.4966669]
[79.414024, 71.090789, 22.375]
[79.416778, 72.191406, 88.531669]
[79.822929, 72.772369, 79.446929]
[79.75315, 71.775634, 11.83119]
[79.933235, 71.766021, 14.576666]
[79.714088, 70.750793, 23.333204]
[79.777549, 72.795135, 22.7]
[79.755912, 72.923645, 32.553333]
[79.645256, 72.83963, 28.27]
[79.856216, 72.062103, 14.173333]
[79.554458, 70.877258, 26.191667]
[79.846878, 71.194, 37.861667]
[79.387046, 72.46997, 9.9140472]
[80.048828, 71.441925, 26.063333]
[80.063102, 72.125305, 17.675832]
[80.092536, 72.396667, 24.785303]
[79.687385, 72.35794, 49.575511]
[79.716903, 71.492218, 45.561668]
[79.545158, 71.245147, 26.183181]
[79.775489, 72.284301, 11.368332]
[79.744529, 71.591186, 57.001667]
[80.059562, 71.403015, 18.639999]
[80.121826, 71.874572, 26.139999]
[79.414886, 71.896942, 35.5]
[79.376411, 72.374542, 7.3883333]
[79.851371, 69.835296, 24.954999]
[79.878837, 71.044494, 32.729999]
[79.836456, 72.805206, 30.028333]
[79.78614, 71.219543, 11.689167]
[79.332305, 72.470092, 6.3483333]
[80.043884, 71.232086, 33.341667]
[79.512168, 72.205474, 37.62738]
[79.602668, 72.501281, 61.769912]
[80.012252, 70.902832, 14.236666]
[80.302734, 71.517669, 7.1849999]
[79.289993, 72.447692, 24.106666]
[79.235244, 72.019012, 32.205001]
[78.83982, 71.172149, 20.508333]
[79.570549, 72.44049, 5.7116665]
[79.689117, 71.485382, 12.977857]
[79.794258, 72.339721, 57.755001]
[79.940361, 72.446106, 45.331428]
[79.886558, 71.688537, 91.371429]
[79.483573, 71.646942, 28.471059]
[79.207511, 70.181732, 22.385]
[80.005638, 71.809875, 20.671667]
[79.608787, 73.456146, 6.17]
[79.103134, 72.442382, 23.703332]
[79.657646, 72.406951, 50.580265]
[79.402626, 71.65686, 32.740001]
[79.967895, 71.944549, 42.95985]
[79.687446, 72.29483, 57.301471]
[79.552749, 73.045196, 7.6750001]
[80.177948, 73.023498, 24.166666]
[80.194885, 71.67633, 36.559166]
[79.805915, 500.5232, 5.3861904]
[79.793586, 72.283081, 22.638334]
[79.314933, 71.700408, 5.2483334]
[79.935211, 71.514923, 34.341667]
[79.505508, 71.074432, 63.154762]
[79.545013, 70.639892, 25.651666]
[79.960151, 72.408142, 16.315]
[79.820907, 72.086242, 36.605712]
[80.016799, 72.921752, 32.273334]
[79.445457, 72.732513, 8.2607145]
[79.870697, 58.269439, 37.861427]
[79.317108, 72.302459, 46.846569]
[79.502365, 71.671569, 30.388334]
[80.310157, 71.347717, 31.204999]
[79.59098, 71.493591, 19.704999]
[79.368782, 72.13916, 6.4299998]
[79.616928, 71.199798, 82.911666]
[79.571823, 72.349853, 26.681667]
[79.587883, 72.19992, 76.910766]
[79.269455, 71.910217, 59.776668]
[79.746032, 72.691131, 33.823093]
[79.740593, 72.833252, 46.16119]
[79.669548, 72.979522, 21.45]
[79.520973, 70.543853, 12.856666]
[79.788063, 72.25769, 89.866012]
[79.707069, 72.349243, 21.773332]
[79.14022, 72.930236, 34.11]
[80.232284, 72.731384, 103.88166]
[79.46611, 72.903228, 23.415]
[79.333755, 70.258667, 10.593333]
[79.947616, 71.943176, 26.043333]
[79.861892, 72.111419, 46.788333]
[80.259903, 72.393676, 57.669525]
[79.417274, 71.088623, 14.538332]
[79.865493, 71.49826, 21.096666]
[79.573333, 71.64093, 34.456794]
[79.916267, 72.796264, 30.698333]
[79.672096, 71.57022, 97.52819]
[79.412155, 73.569549, 16.678333]
[79.427192, 72.827423, 75.881668]
[79.679382, 57.43164, 19.720714]
[78.917259, 72.79309, 19.872575]
[79.834739, 72.185943, 23.489999]
[79.893966, 71.656097, 22.237857]
[79.746589, 72.217742, 25.381666]
[79.948715, 72.374664, 14.098333]
[79.461097, 70.38742, 21.622179]
[79.590827, 72.440307, 40.005832]
[79.6483, 70.495086, 16.308332]
[78.910659, 71.736816, 55.212917]
[79.709449, 71.084594, 26.078332]
[79.473564, 71.893798, 39.546665]
[79.537658, 72.068603, 28.47619]
[79.628944, 71.294677, 18.708334]
[79.469596, 71.174682, 18.466667]
[79.561759, 72.824798, 19.665512]
[79.656127, 71.385101, 30.415]
[79.896728, 71.580474, 27.059999]
[79.724632, 72.064422, 62.06295]
[79.671676, 71.836761, 67.675003]
[79.749259, 71.885131, 20.031665]
[79.67662, 71.698608, 27.724046]
[79.639411, 72.317077, 28.565]
[79.598884, 71.39804, 42.279048]
[79.786537, 71.696258, 34.509525]
[79.721466, 72.138244, 40.623333]
[80.040565, 70.750549, 6.6766667]
[80.333587, 71.715026, 9.7866668]
[79.31665, 73.386077, 7.5933332]
[79.732963, 72.204498, 36.093334]
[79.478401, 72.701751, 14.18119]
[79.470077, 70.741241, 70.969032]
[80.446273, 71.931579, 80.106666]
[79.751472, 72.28482, 22.869545]
[79.522712, 71.788452, 25.444999]
[79.582519, 73.018859, 26.351667]
[79.145759, 72.356842, 19.031665]
[79.842559, 72.40332, 32.458332]
[79.394447, 72.417297, 15.074999]
[79.744842, 70.942382, 93.249801]
[79.626869, 73.009674, 113.6823]
[79.696838, 71.714019, 21.513334]
[79.669395, 71.67456, 5.5500001]
[79.711219, 70.826812, 23.546667]
[79.206184, 72.01062, 23.119167]
[79.745719, 72.04898, 32.326793]
[79.679237, 73.01416, 8.1833334]
[79.310684, 72.40512, 56.603332]
[79.869613, 71.570526, 28.558332]
[79.457977, 71.934753, 22.747381]
[79.4906, 71.522583, 35.555]
[79.620986, 71.925354, 8.17]
[79.256965, 72.065856, 25.141666]
[79.434402, 73.498291, 12.931666]
[79.762977, 71.28128, 52.515197]
[80.307144, 71.861663, 34.211666]
[79.330078, 70.867004, 35.022499]
[79.402366, 72.160034, 10.729999]
[79.721946, 71.814819, 29.284523]
[79.307006, 71.436523, 36.866664]
[79.439895, 72.648651, 10.207381]
[79.348884, 71.895874, 38.741664]
[79.645828, 72.260376, 24.751667]
[79.552711, 72.317901, 45.538845]
[79.45079, 71.726501, 26.713333]
[79.935363, 71.932891, 35.353332]
[79.085281, 72.553497, 8.1149997]
[79.33818, 72.190795, 14.915]
[79.372192, 72.316162, 22.907857]
[79.913414, 72.301544, 21.164524]
[79.650581, 71.649627, 17.034999]
[80.025207, 72.257415, 29.686189]
[79.835327, 72.143981, 30.806667]
[79.76612, 70.317871, 9.876667]
[79.457344, 71.834564, 19.242576]
[79.629646, 71.66394, 9.4416666]
[80.025886, 71.744079, 33.753093]
[79.668342, 71.582122, 15.051666]
[79.179908, 70.880065, 22.637857]
[79.344512, 72.951416, 24.463094]
[79.470291, 73.947692, 7.0416665]
[80.084739, 72.880371, 38.281665]
[79.266754, 71.935638, 16.709762]
[80.012565, 70.722381, 40.12318]
[79.779678, 73.009307, 20.63738]
[79.579032, 72.559631, 14.05]
[79.85765, 72.663665, 29.488332]
[80.179809, 71.39682, 10.993332]
[79.774528, 71.155426, 16.586666]
[80.048957, 72.693603, 68.468849]
[79.646003, 71.957183, 80.348808]
[79.71759, 71.442016, 26.758846]
[79.907966, 71.825378, 13.02119]
[79.372016, 71.782135, 27.588333]
[79.403678, 72.188171, 13.303333]
[79.871452, 73.167907, 16.265832]
[79.829567, 71.893981, 44.859165]
[79.913093, 70.974334, 74.988334]
[79.949516, 71.364868, 15.765]
[78.985099, 71.569274, 27.989999]
[79.335693, 73.389343, 9.8299999]
[79.501258, 71.285919, 6.1816668]
[79.459075, 70.908966, 17.264999]
[79.640808, 72.358429, 30.308332]
[79.609527, 71.324646, 53.780883]
[79.63446, 71.853973, 109.87978]
[79.820457, 72.021057, 26.291666]
[79.393753, 71.637085, 23.708334]
[79.869445, 72.963287, 11.096666]
[79.92733, 71.37741, 13.763333]
[78.836189, 71.717956, 41.959999]
[79.652648, 72.553253, 47.705001]
[79.940483, 72.151367, 7.3649997]
[79.326141, 72.605957, 12.671667]
[79.853515, 70.865173, 22.69]
[79.083999, 71.578308, 23.545513]
[79.963821, 72.215423, 32.023334]
[79.56475, 72.146575, 19.079999]
[79.968566, 73.121154, 19.761667]
[79.838256, 71.357421, 19.674999]
[79.804885, 70.497436, 57.779048]
[79.964416, 71.585235, 30.031665]
[79.49369, 72.348053, 32.810001]
[79.231857, 72.253967, 41.111667]
[79.722061, 71.764129, 23.463333]
[79.554122, 71.901397, 20.823333]
[79.814621, 72.549957, 5.5683331]
[80.025383, 73.187988, 11.225]
[79.647857, 70.772155, 10.793333]
[79.818382, 72.634857, 15.211667]
[79.631782, 71.617553, 35.633335]
[80.098442, 71.917816, 65.318336]
[80.053146, 71.0596, 29.11]
[79.633216, 72.690887, 102.08]
[80.04145, 71.61621, 27.429166]
[79.857681, 71.42514, 22.875]
[79.632766, 70.479675, 17.959999]
[79.570831, 72.367889, 52.572143]
[79.963501, 71.508117, 8.2966671]
[80.207946, 71.343536, 28.075]
[79.674232, 71.165374, 21.735]
[80.000045, 72.660766, 26.109167]
[79.597496, 72.346405, 67.670097]
[79.450653, 71.350708, 17.408636]
[79.48719, 71.147918, 30.463333]
[79.516441, 71.583129, 18.983333]
[79.755607, 70.494171, 10.576666]
[79.490295, 72.886077, 7.9383335]
[79.885925, 72.637329, 33.912498]
[79.289527, 72.322235, 58.482917]
[79.740303, 73.158447, 34.77]
[79.711952, 72.00772, 37.421154]
[79.664558, 71.317718, 74.319999]
[79.329841, 72.161529, 13.283333]
[79.927177, 71.121185, 27.003334]
[79.959373, 71.942627, 171.71608]
[79.763908, 72.342895, 67.144996]
[79.926757, 70.985412, 36.318332]
[79.70684, 72.11618, 14.302499]
[79.984596, 71.139953, 67.166664]
[79.755821, 71.041473, 16.246429]
[79.487358, 71.774017, 18.731666]
[80.245422, 71.692199, 44.977726]
[79.379585, 72.646423, 13.324999]
[79.904594, 71.841033, 29.577381]
[79.546134, 72.755676, 47.809902]
[79.486885, 71.550231, 20.895]
[79.605651, 72.085418, 27.733333]
[79.349754, 73.023742, 13.538332]
[79.560295, 72.391479, 29.084999]
[79.777824, 71.814086, 19.593334]
[79.622688, 72.628601, 14.995833]
[79.37722, 71.721588, 41.659763]
[79.69918, 70.697479, 23.389165]
[79.987335, 72.228393, 37.309581]
[79.417488, 72.584442, 18.885]
[80.18663, 70.945282, 45.998333]
[80.001106, 71.654022, 18.167856]
[78.882629, 72.676544, 16.54738]
[79.866851, 71.230346, 35.122573]
[79.781402, 72.525543, 29.876667]
[79.939971, 72.120422, 36.048332]
[79.4421, 70.905578, 25.646667]
[80.002647, 73.310852, 7.0549998]
[79.747886, 72.075164, 36.130001]
[79.555259, 72.994079, 16.221666]
[79.340271, 72.372741, 67.481666]
[79.946937, 71.247253, 13.153333]
[80.056945, 71.536865, 31.768333]
[79.750358, 71.934143, 29.593334]
[79.811325, 72.555206, 19.976667]
[79.749038, 71.755218, 98.118675]
[79.940895, 70.220611, 22.443332]
[80.030403, 73.482116, 22.87]
[79.937294, 71.642608, 9.395833]
[79.572731, 72.120971, 32.028331]
[79.56163, 73.18576, 30.502878]
[79.59938, 71.376251, 17.811666]
[79.715164, 71.956237, 23.586666]
[79.730957, 72.114837, 16.524999]
[79.724609, 71.17691, 8.8166666]
[79.426216, 72.293121, 48.346668]
[80.087646, 71.561462, 27.542499]
[79.983291, 72.568481, 26.719999]
[79.808479, 73.615173, 79.519996]
[79.92453, 72.245086, 23.755832]
[79.653839, 71.419281, 26.836538]
[79.555625, 71.917022, 43.113334]
[79.791008, 71.897644, 53.748333]
[79.037483, 71.735137, 17.655]
[79.69635, 72.170227, 12.373333]
[79.419479, 71.172699, 50.451427]
[79.834533, 71.689147, 81.823715]
[79.19252, 72.596771, 19.833334]
[79.924308, 71.972564, 17.323333]
[79.633476, 72.239959, 26.048334]
[79.826271, 72.035278, 63.341426]
[79.579795, 71.418304, 94.330001]
[79.824401, 72.194305, 25.576665]
[79.44271, 73.172546, 56.806667]
[79.386329, 72.856628, 38.451061]
[80.162696, 73.19989, 27.511667]
[79.189956, 71.731628, 26.614999]
[79.715248, 72.777252, 59.118331]
[79.631721, 72.429595, 28.35]
[79.429794, 71.219238, 55.161968]
[79.602844, 71.944885, 75.378334]
[79.520172, 72.424438, 32.881668]
[79.767639, 72.244323, 27.506666]
[80.318946, 71.181823, 20.76]
[79.130096, 72.009094, 24.0]
[79.830711, 72.53778, 19.193096]
[79.88256, 71.571014, 42.439998]
[79.464668, 71.602264, 32.756668]
[79.65979, 71.624755, 23.325]
[79.515121, 72.333923, 32.53976]
[79.342132, 70.635681, 43.643096]
[79.237625, 72.463958, 12.151666]
[79.725479, 71.567871, 67.190002]
[80.192588, 71.095916, 5.8616666]
[79.784919, 71.794952, 23.064523]
[79.817581, 71.356628, 16.564394]
[80.005157, 71.801391, 38.982856]
[79.700714, 71.331207, 41.599998]
[79.941223, 72.243866, 38.424606]
[79.445465, 71.802002, 76.769996]
[79.583503, 72.428985, 52.311275]
[80.300109, 71.409301, 20.423095]
[80.270553, 71.873443, 21.675832]
[79.77906, 70.144226, 29.138334]
[79.477462, 72.592132, 26.489166]
[79.913475, 71.786926, 19.44]
[79.432914, 71.597198, 17.968334]
[79.803756, 71.730346, 11.54]
[80.215538, 71.56549, 13.843333]
[79.998031, 72.249023, 28.091667]
[79.938995, 71.08255, 28.978332]
[79.323844, 72.015075, 24.688333]
[80.046363, 71.747833, 14.694999]
[79.561386, 70.902404, 9.1724996]
[80.219879, 71.596283, 33.634998]
[79.890861, 71.505981, 24.401666]
[79.394844, 72.074523, 11.59119]
[79.342834, 71.240417, 9.1566667]
[79.238845, 72.256835, 16.911666]
[80.007354, 71.397674, 46.531665]
[80.348297, 70.964263, 66.084564]
[79.340782, 72.670043, 16.671667]
[80.07302, 73.169708, 13.618332]
[79.484382, 72.284393, 20.958334]
[79.172111, 72.619689, 26.985]
[80.182563, 73.180297, 6.0266666]
[79.540237, 70.958404, 33.650383]
[79.306633, 71.578216, 35.224395]
[79.674453, 71.428344, 34.352577]
[79.610862, 71.890472, 25.63738]
[79.698455, 71.72702, 23.169872]
[79.999046, 71.921386, 26.979999]
[79.324073, 72.005798, 24.339166]
[79.664413, 72.308685, 27.704999]
[79.097145, 72.378082, 28.638334]
[79.896629, 73.244934, 29.786539]
[79.510955, 72.419769, 20.288095]
[79.594696, 70.61145, 27.050714]
[79.664718, 71.128814, 37.017379]
[79.500907, 70.877349, 54.005302]
[79.783691, 71.999206, 36.146667]
[79.979507, 71.408355, 107.28212]
[79.972366, 72.712677, 36.826667]
[79.706001, 71.511016, 60.450099]
[79.884773, 72.174133, 89.546051]
[79.74324, 71.99884, 42.740001]
[79.75978, 71.215789, 117.66547]
[79.322464, 72.141723, 36.893333]
[79.328773, 71.841339, 137.40594]
[79.959205, 72.502197, 13.926666]
[79.58934, 72.353576, 20.29]
[78.852836, 71.247375, 24.938333]
[79.966682, 70.869323, 105.12564]
[79.418602, 72.470947, 11.203332]
[79.554924, 71.759491, 24.638334]
[79.358749, 72.109558, 46.729583]
[79.224639, 72.290313, 25.098333]
[79.344802, 72.428222, 64.36]
[79.351661, 71.512023, 22.779544]
[79.465324, 72.906158, 18.476667]
[79.723487, 72.407257, 17.801666]
[79.256172, 71.721496, 46.918335]
[80.133087, 71.802124, 17.834999]
[79.528419, 72.588043, 18.815]
[80.205825, 71.656433, 59.685703]
[79.564369, 71.577697, 45.715]
[79.74765, 71.756012, 20.354999]
[80.012535, 71.42807, 85.629997]
[79.811706, 71.763, 37.61]
[79.533836, 73.103515, 48.013332]
[79.827064, 72.435394, 27.481189]
[79.976829, 72.261444, 49.4925]
[79.234268, 72.222503, 41.091667]
[79.746841, 70.855835, 34.127857]
[79.698967, 71.904663, 22.736665]
[80.210662, 71.642639, 56.991664]
[79.62117, 71.776001, 6.2725]
[79.690765, 71.589965, 44.965]
[79.190635, 71.450073, 27.879762]
[79.934501, 72.248199, 73.692916]
[79.884246, 71.216278, 65.128334]
[79.890968, 71.214386, 8.6999998]
[79.560997, 70.671417, 26.826665]
[79.228675, 72.131073, 35.419166]
[79.945152, 72.09613, 55.220127]
[79.467552, 71.36267, 65.706665]
[79.549629, 70.808868, 19.933095]
[79.458389, 71.957214, 82.300003]
[79.613914, 71.853607, 34.962501]
[79.400299, 72.608001, 13.821666]
[80.066352, 71.656341, 44.11]
[79.64225, 72.537262, 5.8466668]
[79.846176, 71.321533, 11.159848]
[79.688667, 72.958831, 46.439582]
[79.681747, 72.37146, 31.669849]
[79.807426, 73.076599, 20.731666]
[79.326454, 71.320617, 6.8533334]
[79.668846, 71.823089, 22.291666]
[79.348236, 73.416778, 27.283182]
[79.843872, 71.605987, 37.733718]
[80.015831, 72.879669, 58.236251]
[79.316398, 72.62857, 39.573719]
[79.300392, 71.886322, 8.5283336]
[79.523605, 72.094665, 5.8066668]
[80.094139, 71.566497, 16.736665]
[80.280212, 72.013305, 17.883333]
[79.809288, 73.00888, 25.921667]
[79.835517, 71.599151, 24.486429]
[80.069725, 71.645294, 31.395]
[79.718147, 71.725097, 38.966667]
[79.483947, 71.076812, 26.809999]
[78.891113, 71.915618, 11.915]
[79.819541, 71.469757, 8.0799999]
[79.903762, 72.664093, 41.079525]
[79.62667, 71.342102, 11.823333]
[80.189796, 70.950317, 16.588333]
[79.679924, 72.070037, 8.9700002]
[79.786865, 70.929748, 32.733181]
[79.588363, 70.760742, 46.546665]
[79.88507, 71.603485, 45.915714]
[79.581146, 71.874603, 12.104999]
[79.577461, 71.951721, 26.44]
[79.234787, 71.980255, 45.724998]
[79.709137, 71.772155, 38.963333]
[79.874733, 73.051361, 18.526428]
[79.401687, 72.545929, 20.92]
[79.422088, 71.719604, 59.558334]
[79.64138, 71.51654, 25.651666]
[79.571624, 73.333831, 33.71976]
[79.350692, 72.453674, 29.286666]
[80.29277, 71.843536, 5.8366665]
[79.533103, 72.579315, 12.948333]
[79.643592, 72.711334, 37.072856]
[79.893035, 71.078369, 38.598094]
[79.795379, 71.692718, 30.88619]
[80.085182, 71.821167, 28.723333]
[79.886047, 71.662719, 26.844999]
[79.93721, 72.117736, 21.954999]
[79.249458, 71.486694, 8.9266662]
[79.385101, 70.972442, 14.463333]
[79.497787, 72.79837, 24.338333]
[79.789169, 70.868835, 33.243331]
[79.741867, 71.14981, 54.549999]
[79.077957, 70.955658, 19.196666]
[79.082466, 71.680145, 28.796667]
[79.678665, 71.224609, 24.274999]
[79.148994, 72.788513, 31.25]
[79.34896, 71.935424, 21.08119]
[79.717804, 70.743988, 57.329048]
[79.675476, 70.752777, 23.418333]
[79.543273, 71.769134, 24.653333]
[79.704269, 70.432067, 14.524999]
[79.657852, 73.127075, 62.708507]
[79.784431, 71.346801, 28.993095]
[79.598091, 71.483612, 28.735834]
[79.487945, 71.26242, 15.778333]
[79.822746, 72.001892, 11.641666]
[79.786987, 72.630584, 28.76]
[80.076011, 72.326019, 13.848333]
[79.670547, 70.984924, 5.3430953]
[79.80223, 72.031463, 57.435001]
[79.945068, 72.092224, 7.9099998]
[79.475517, 70.867767, 35.707859]
[79.879135, 71.572418, 110.03167]
[79.088897, 72.113891, 17.604999]
[79.132499, 71.250152, 57.380001]
[79.736145, 72.084472, 47.403236]
[79.574783, 72.57431, 19.709999]
[79.748558, 71.571746, 30.391666]
[79.656646, 70.71759, 72.446662]
[79.516197, 72.29425, 46.525001]
[79.446632, 71.889434, 117.05078]
[79.394905, 71.543884, 20.904523]
[79.638099, 72.093322, 22.209999]
[79.902877, 72.391235, 15.063333]
[79.394523, 72.145172, 26.288333]
[79.763076, 71.703369, 14.683333]
[79.432823, 72.297668, 23.446666]
[79.535728, 72.302673, 22.129999]
[79.906898, 72.640747, 43.743331]
[79.550819, 71.858093, 18.003334]
[80.171157, 71.074127, 72.136665]
[80.078552, 71.694274, 22.506666]
[79.252594, 72.470428, 30.884393]
[79.874351, 71.905914, 18.913333]
[79.585716, 71.64505, 10.398333]
[79.764587, 71.811981, 27.968334]
[79.979538, 72.03302, 17.838333]
[79.958335, 70.030487, 32.718135]
[79.088966, 65.220336, 7.5999999]
[79.956817, 72.432464, 35.573181]
[79.620445, 72.337951, 33.884525]
[79.854599, 72.384613, 39.866794]
[79.169632, 71.809661, 23.125]
[79.922111, 72.332489, 79.496666]
[79.273941, 73.220459, 23.216667]
[79.533569, 73.246673, 34.462501]
[80.025909, 72.164398, 13.749761]
[79.805519, 70.913085, 25.948333]
[79.302932, 72.757171, 33.343334]
[79.421638, 73.270263, 23.816667]
[79.976448, 72.285308, 88.28083]
[79.282409, 72.501922, 40.404998]
[79.460945, 71.910461, 10.493332]
[79.513481, 73.290283, 22.923334]
[79.936042, 71.449676, 44.036666]
[79.514671, 71.971466, 67.123336]
[79.699775, 71.670623, 15.666667]
[78.957473, 70.976867, 23.231666]
[79.969093, 71.290313, 13.651666]
[79.342132, 71.608276, 36.086666]
[79.622283, 71.445068, 61.296665]
[80.060363, 70.635772, 27.969165]
[79.667709, 72.149963, 27.783332]
[79.837814, 72.180816, 40.745716]
[79.368995, 74.00354, 12.225]
[79.464378, 72.517974, 36.44738]
[79.353942, 72.300445, 29.039167]
[79.671569, 73.008514, 16.381666]
[79.819282, 72.287353, 48.803333]
[79.955329, 71.241882, 11.300714]
[79.644004, 71.140167, 30.586666]
[79.929954, 71.99707, 31.019762]
[79.338874, 73.070617, 26.586282]
[79.277442, 71.578033, 18.28]
[79.606086, 72.457031, 14.016666]
[79.156837, 72.682586, 27.956666]
[79.876686, 71.558563, 32.196666]
[79.803863, 71.692199, 54.273334]
[79.70771, 72.295715, 28.734046]
[79.418991, 72.634582, 51.544998]
[79.81179, 71.463775, 5.6333332]
[79.615409, 72.191803, 5.2983331]
[79.73545, 72.796447, 24.475]
[79.64598, 70.923645, 46.732856]
[79.539627, 72.406219, 26.831666]
[80.055252, 72.078247, 28.649999]
[79.970108, 71.825195, 11.609999]
[79.777229, 72.278533, 11.258333]
[79.569557, 71.807342, 55.792369]
[79.619316, 72.848999, 47.843334]
[80.070259, 72.196106, 5.8216667]
[79.433479, 71.000152, 40.068332]
[79.312355, 72.617065, 5.7383332]
[80.178405, 71.415283, 48.188331]
[79.745758, 72.152557, 12.635]
[79.465316, 71.262359, 49.524486]
[79.553154, 72.116455, 15.738333]
[79.540039, 71.509582, 20.049999]
[79.837516, 72.101989, 25.747858]
[79.72583, 71.927948, 41.213333]
[80.002082, 72.964141, 20.106212]
[79.512771, 71.003509, 25.917381]
[79.484474, 72.430725, 35.02]
[79.54985, 72.785491, 28.721666]
[80.019577, 72.315185, 16.478332]
[79.3983, 72.158111, 23.816667]
[79.897377, 71.005737, 29.153333]
[79.849632, 71.687164, 43.338333]
[79.673591, 71.800567, 39.486667]
[79.273353, 73.080688, 61.948333]
[80.035995, 453.68539, 5.1066665]
[79.700073, 72.497619, 31.416666]
[79.745224, 71.409912, 27.306667]
[79.589569, 71.128387, 18.956666]
[79.828628, 71.777099, 24.023332]
[79.5298, 72.338104, 31.266666]
[79.201843, 71.725067, 23.069999]
[79.719589, 71.794097, 51.691665]
[79.532959, 71.940521, 12.984999]
[79.598747, 72.3703, 30.661666]
[79.210777, 72.544189, 24.504999]
[79.570282, 71.61679, 22.125]
[79.541122, 71.40393, 18.518333]
[79.351615, 72.197326, 28.17]
[79.60569, 72.214355, 12.316666]
[79.050613, 71.686218, 17.649166]
[79.587074, 72.033752, 43.514999]
[79.136604, 71.682891, 9.6499996]
[79.764808, 72.780395, 51.590129]
[79.582283, 71.7182, 40.850128]
[79.658317, 71.47702, 7.23]
[79.327453, 72.342834, 21.546667]
[79.063484, 72.655883, 38.049614]
[78.800895, 72.056366, 23.966667]
[79.492141, 71.457641, 36.009998]
[80.146438, 72.175109, 16.756666]
[78.94831, 211.04132, 5.5799999]
[79.291748, 73.326721, 38.889999]
[79.420204, 71.233337, 28.553333]
[79.713432, 71.578216, 30.395834]
[79.882736, 72.428955, 38.73106]
[79.4664, 71.940612, 21.62]
[79.619819, 72.792388, 26.77]
[79.701965, 70.286132, 20.041666]
[79.538192, 72.047058, 22.381666]
[79.932701, 71.631195, 38.926666]
[79.617599, 72.315551, 21.565]
[80.21199, 73.49411, 29.263334]
[79.583709, 72.581756, 17.944999]
[79.940979, 71.584442, 21.449762]
[79.231041, 72.162963, 12.404999]
[79.26017, 72.03302, 13.511666]
[79.642463, 72.759643, 7.2811904]
[79.00077, 71.446838, 21.453332]
[79.724327, 71.681976, 28.403717]
[79.703369, 73.002136, 9.085]
[79.933197, 71.960113, 49.896568]
[79.930213, 70.779602, 13.378333]
[79.726287, 72.520446, 74.449996]
[79.272049, 71.641937, 24.231666]
[79.541877, 71.050201, 26.465]
[79.87696, 71.438232, 30.659166]
[79.944679, 71.651672, 61.104999]
[79.77127, 73.227203, 30.671667]
[79.194191, 72.182128, 24.34]
[79.880004, 72.903472, 9.3816671]
[79.76065, 72.010406, 59.523334]
[79.434364, 71.996704, 9.3666667]
[79.649551, 71.2742, 8.4316663]
[79.437049, 71.7276, 34.204525]
[79.328605, 73.912445, 38.049999]
[79.311485, 72.466796, 32.895511]
[79.389549, 72.477752, 60.633598]
[79.545837, 72.43103, 10.901666]
[79.539451, 71.862701, 20.575]
[79.463279, 72.719116, 23.841428]
[79.779205, 72.115142, 31.684999]
[79.653427, 73.235565, 53.929523]
[79.365524, 72.350219, 8.8500003]
[79.735382, 71.352325, 27.472059]
[79.490654, 71.497924, 16.978332]
[79.951217, 71.500732, 19.038333]
[79.636947, 71.823181, 22.155]
[79.63237, 72.420929, 35.439872]
[79.591041, 72.956787, 19.67]
[79.751586, 71.897979, 22.071666]
[79.502677, 72.27478, 36.517726]
[79.86692, 72.601654, 83.261665]
[79.688056, 71.006652, 13.25]
[79.636238, 71.181579, 5.3978571]
[79.21566, 73.549804, 20.923334]
[79.5914, 71.564025, 80.683593]
[79.605278, 72.874267, 9.7783336]
[79.924385, 72.133911, 12.125]
[79.543266, 435.64481, 5.4225759]
[79.488433, 71.304748, 38.063331]
[79.767486, 71.976379, 32.545303]
[79.29113, 72.816497, 55.166667]
[79.624969, 73.036102, 20.683332]
[79.741058, 71.502807, 6.6599998]
[79.663604, 72.626037, 47.756668]
[79.371612, 70.784057, 21.296428]
[79.134491, 71.098968, 22.576665]
[79.359825, 71.55014, 13.573333]
[79.675544, 71.791442, 13.765]
[79.705024, 72.86853, 25.783332]
[79.674659, 70.885894, 57.012367]
[79.658622, 71.843872, 53.983333]
[79.805892, 72.278076, 67.243331]
[79.977012, 71.259399, 31.056514]
[79.577468, 72.323822, 50.318847]
[80.145759, 72.462341, 26.779167]
[79.715782, 71.448791, 29.096538]
[79.734619, 71.907165, 43.759582]
[79.219978, 71.505004, 29.328332]
[80.04216, 72.895294, 28.78]
[79.048728, 72.322143, 21.145]
[79.910491, 71.198669, 15.486666]
[80.064109, 71.639831, 9.4530954]
[79.730827, 71.463226, 41.241664]
[79.798011, 72.542938, 24.623333]
[79.46569, 71.243804, 61.286251]
[79.517257, 70.696014, 85.995002]
[79.642784, 71.899841, 23.583334]
[79.298706, 72.751098, 21.864522]
[79.633461, 72.336364, 21.053333]
[80.37104, 71.084198, 7.0583334]
[80.125755, 71.656005, 21.238332]
[79.666214, 71.195037, 48.603332]
[79.524299, 72.322387, 5.8266668]
[79.688171, 71.370056, 33.27]
[79.787071, 72.050384, 61.969524]
[79.53218, 71.253845, 73.253257]
[80.350868, 71.842376, 48.601154]
[78.957618, 72.38269, 26.346666]
[80.259017, 71.710876, 71.077819]
[79.496437, 72.494293, 28.27106]
[79.832145, 71.393768, 5.6283335]
[79.559013, 72.824615, 21.008333]
[79.53926, 71.399505, 39.408332]
[79.554138, 72.949585, 48.515514]
[79.35456, 71.158508, 28.649999]
[79.435485, 72.124725, 18.159999]
[79.575126, 71.691894, 16.063095]
[79.309219, 71.886657, 56.511154]
[79.250373, 72.286224, 23.11119]
[79.97116, 73.050872, 13.529999]
[79.719245, 72.318939, 46.998333]
[79.607772, 71.54245, 29.284999]
[79.399459, 72.41101, 29.899999]
[79.591636, 71.832183, 14.425833]
[79.521652, 72.074035, 25.25]
[80.027832, 71.572784, 55.552574]
[78.804763, 72.213256, 41.219871]
[79.750854, 72.359649, 27.52]
[79.794273, 71.779602, 27.893333]
[79.4972, 72.177337, 45.43]
[79.953643, 72.480621, 22.643333]
[80.064041, 71.134429, 36.202858]
[79.598022, 72.336242, 14.373333]
[79.391151, 71.894897, 14.918333]
[79.629966, 71.651031, 34.417858]
[79.464508, 72.440734, 59.103332]
[80.029205, 72.163757, 23.239999]
[79.476036, 71.991485, 46.233333]
[79.657173, 71.430694, 15.151666]
[79.786872, 72.604492, 35.685001]
[80.334838, 71.417053, 12.338333]
[80.039421, 71.909545, 61.641666]
[79.82212, 73.372955, 6.3524999]
[79.878753, 71.149261, 48.89619]
[80.242363, 72.632537, 9.9445238]
[79.732132, 72.052642, 33.971668]
[79.274208, 72.220977, 28.753334]
[79.653602, 72.037902, 51.944999]
[79.359771, 70.480804, 22.069761]
[79.502624, 72.019897, 22.951665]
[79.648788, 72.546966, 78.650604]
[79.462486, 72.421752, 16.966667]
[79.884971, 71.734344, 34.62976]
[79.604675, 71.335266, 12.595]
[79.21965, 72.594879, 59.382576]
[79.178054, 70.978271, 16.213333]
[79.968483, 71.641632, 9.3050003]
[79.921371, 72.113708, 15.021666]
[79.64405, 70.724029, 28.115833]
[79.746421, 72.634002, 15.526666]
[79.829498, 72.130828, 21.319761]
[79.764831, 72.055847, 17.49197]
[79.566535, 72.76184, 37.650001]
[79.609703, 71.22232, 10.573333]
[79.029914, 72.828125, 14.48119]
[79.299102, 72.433868, 13.038332]
[79.727317, 70.469085, 13.353333]
[79.381752, 71.638763, 53.69976]
[79.519104, 72.966583, 6.8516664]
[79.424499, 72.011077, 51.809444]
[79.423591, 71.648345, 37.983463]
[78.922042, 71.861206, 14.71]
[79.376373, 72.799011, 17.052179]
[80.01387, 72.454925, 21.526666]
[79.603179, 72.489959, 37.034999]
[79.455329, 71.207489, 18.653333]
[79.548828, 72.147857, 15.954999]
[79.920707, 71.695159, 24.736665]
[79.608436, 71.948852, 17.366666]
[79.8292, 72.123291, 5.3249998]
[79.737411, 72.279815, 47.011665]
[79.415504, 72.209075, 36.330001]
[79.676803, 71.649841, 7.2199997]
[79.69429, 71.179565, 14.54]
[78.9179, 71.320159, 7.8583331]
[79.801986, 71.077087, 14.453332]
[79.325698, 72.20697, 21.664524]
[79.828361, 72.135681, 49.171665]
[79.974212, 70.171203, 35.38591]
[79.908165, 71.780181, 8.0550003]
[79.617233, 72.829406, 35.821189]
[79.628158, 70.906585, 9.7183332]
[79.689682, 72.29779, 10.725]
[79.136245, 71.809753, 33.646667]
[79.696044, 72.041656, 54.588527]
[79.427307, 72.068237, 31.476249]
[79.271392, 71.855316, 32.740001]
[79.504974, 73.079589, 10.52]
[79.612388, 72.153259, 68.081665]
[79.845344, 72.635925, 44.075511]
[80.05487, 72.927917, 19.036428]
[80.035301, 71.699493, 33.222576]
[80.231765, 72.052887, 25.642948]
[79.629585, 72.226806, 24.653333]
[80.085624, 73.616027, 51.622856]
[79.984581, 70.746124, 29.938333]
[79.278137, 71.650695, 77.848335]
[79.41587, 72.268524, 55.041667]
[79.280021, 72.478668, 17.271667]
[79.360488, 72.363739, 41.43]
[79.891273, 71.599121, 17.698333]
[80.071266, 71.126647, 47.119167]
[79.980964, 70.949005, 17.488332]
[79.731765, 72.293975, 27.44]
[79.460449, 72.069061, 23.531665]
[79.598289, 72.27835, 24.299999]
[79.949325, 71.48944, 30.008333]
[79.939071, 71.004943, 48.650001]
[79.631622, 73.607452, 68.324806]
[79.235221, 72.530975, 40.130001]
[79.308692, 72.326995, 98.155174]
[79.526535, 72.402221, 30.306667]
[79.304122, 73.099945, 15.588333]
[79.79383, 71.459594, 28.299242]
[79.404159, 71.964569, 26.782878]
[79.938819, 73.108398, 42.618331]
[79.425506, 71.982574, 13.726666]
[79.453239, 71.342041, 25.498333]
[79.272155, 72.614807, 42.27238]
[79.822372, 71.311889, 48.946666]
[79.189537, 72.589508, 146.84666]
[79.965461, 72.294586, 35.441665]
[79.394744, 71.828216, 20.795]
[79.891685, 71.781066, 15.643333]
[79.200904, 71.329742, 34.094608]
[79.480583, 72.736663, 5.67]
[79.619331, 72.281463, 59.161666]
[79.663925, 71.206024, 44.306667]
[79.649147, 72.272888, 26.651666]
[79.387634, 73.032257, 44.756053]
[79.685279, 72.066589, 11.751667]
[79.809463, 70.893463, 19.608333]
[79.493576, 71.947631, 22.017856]
[79.335357, 72.428527, 16.036666]
[79.962425, 73.148101, 11.851666]
[79.756996, 71.826965, 6.8797617]
[79.330741, 71.413299, 5.5433335]
[79.549392, 72.186126, 6.3066668]
[79.609649, 71.735626, 90.51667]
[80.027343, 71.672912, 10.915]
[79.343299, 71.709716, 41.299167]
[79.607246, 72.716888, 10.731666]
[79.944206, 71.177063, 23.683332]
[79.977302, 71.302948, 28.381666]
[79.970008, 72.802124, 20.396667]
[79.689193, 71.791015, 37.175304]
[79.706466, 71.086792, 25.079999]
[79.989074, 71.131591, 9.0633335]
[79.870018, 71.619262, 22.949167]
[79.741844, 71.948608, 26.078332]
[79.443367, 71.203399, 17.409999]
[80.175109, 72.395874, 31.613332]
[79.66011, 71.513427, 25.346666]
[79.682037, 72.636413, 62.251667]
[79.341308, 58.153686, 8.6183328]
[79.312149, 71.480468, 49.370384]
[79.511299, 72.064575, 22.686666]
[79.649932, 72.314025, 33.474998]
[79.581604, 71.448303, 142.22963]
[79.982643, 71.71939, 30.61]
[79.948654, 71.72467, 69.250259]
[79.01625, 74.177185, 8.1483335]
[79.503044, 71.541626, 25.193332]
[79.727592, 73.20642, 24.424999]
[79.941734, 72.32022, 34.738334]
[79.844238, 73.185516, 53.01625]
[79.727119, 71.787475, 42.953334]
[79.583816, 72.061248, 10.653333]
[79.68724, 71.393249, 30.745]
[79.550285, 72.310516, 14.92]
[79.807899, 71.272888, 25.827858]
[79.232551, 72.400756, 21.178333]
[79.373779, 72.191711, 50.196189]
[80.021728, 71.106048, 32.849998]
[79.302887, 72.150299, 33.395]
[79.837371, 71.623931, 20.048334]
[79.134826, 70.917877, 47.521667]
[79.597351, 72.879089, 16.571666]
[79.762672, 72.983734, 28.116666]
[79.634971, 71.538085, 31.913333]
[79.365776, 72.233337, 29.395]
[79.515152, 71.964752, 35.461666]
[80.190521, 71.784942, 27.349166]
[79.534133, 71.1026, 20.449167]
[79.268951, 71.048095, 38.982379]
[79.173011, 73.416748, 55.301155]
[79.990707, 71.2901, 32.608844]
[79.817535, 72.888336, 33.081665]
[79.930862, 72.094055, 14.685]
[79.879478, 71.823761, 52.672565]
[80.26297, 71.524047, 31.879524]
[79.595176, 71.299774, 13.659999]
[79.545021, 71.157043, 9.2733335]
[80.321434, 71.456604, 56.711666]
[79.541626, 71.822418, 20.824047]
[79.986511, 70.816009, 17.066667]
[79.159675, 72.813324, 37.111667]
[79.457588, 71.672576, 29.994524]
[79.343017, 72.192657, 20.603096]
[79.529754, 73.529968, 43.555]
[79.875091, 73.336486, 18.159999]
[79.363533, 71.004577, 59.136226]
[79.670021, 72.088775, 18.565]
[79.618888, 72.632141, 70.118331]
[79.69133, 71.61972, 61.371666]
[79.786766, 73.075408, 40.900001]
[79.678215, 73.075683, 25.334047]
[80.276916, 72.128051, 26.586666]
[79.729789, 71.437255, 79.895393]
[79.733779, 73.130401, 47.001426]
[80.062332, 71.719024, 18.484762]
[79.809776, 71.761413, 18.483333]
[80.122322, 72.318817, 15.376667]
[79.009117, 72.849456, 72.791153]
[79.666549, 71.707, 24.137857]
[79.49382, 72.440185, 57.298332]
[79.979782, 71.905029, 16.321666]
[79.605056, 72.520996, 53.797821]
[79.463279, 71.598083, 13.193333]
[79.922981, 71.309936, 27.209999]
[79.253784, 71.910858, 19.549999]
[79.881813, 71.673736, 12.56]
[79.46112, 71.543762, 21.37]
[79.947258, 72.205108, 41.319168]
[79.889907, 71.945892, 15.853333]
[79.34719, 72.701538, 8.0050001]
[79.688224, 72.058563, 23.703332]
[79.36605, 72.621795, 42.354999]
[79.993507, 72.34143, 8.3678569]
[79.516403, 73.039672, 27.955909]
[79.644531, 71.887725, 26.568332]
[79.715263, 72.29364, 23.068332]
[79.97467, 71.228637, 51.031665]
[79.58554, 71.508361, 31.331666]
[79.054077, 72.89859, 51.886665]
[79.55027, 71.266265, 23.18]
[79.865364, 70.516571, 21.891666]
[79.533409, 72.196533, 18.613332]
[80.06826, 72.3479, 26.1]
[79.359542, 71.620178, 40.419998]
[79.756683, 70.536468, 24.046667]
[79.610702, 73.126251, 25.008333]
[79.828476, 71.520202, 12.736666]
[79.576019, 72.556762, 25.081666]
[79.325012, 72.114471, 11.271666]
[79.719963, 73.148773, 10.024999]
[79.760284, 241.83984, 5.1516666]
[79.838455, 56.850494, 17.053094]
[79.641212, 71.6734, 49.093334]
[79.840835, 71.361785, 16.228332]
[79.67234, 71.563201, 20.056667]
[79.520187, 71.934906, 10.928333]
[79.750404, 71.908386, 6.19]
[79.603851, 71.40274, 60.041667]
[79.708305, 71.861755, 16.032499]
[79.397155, 71.904205, 34.482879]
[79.701889, 71.785369, 6.7249999]
[79.515342, 71.583068, 52.776668]
[79.729492, 71.922576, 24.068332]
[79.607719, 71.82196, 19.205833]
[79.317039, 72.114013, 9.9345235]
[80.02787, 72.04895, 32.258335]
[79.315475, 71.904754, 41.611667]
[79.758041, 72.442047, 13.755]
[79.28022, 72.589019, 56.970001]
[79.801673, 72.08728, 11.873333]
[79.81372, 72.176788, 32.009998]
[79.332473, 71.625183, 36.75]
[79.785553, 71.678955, 15.799166]
[79.88916, 71.906982, 16.991666]
[79.670646, 71.680328, 20.622499]
[79.883758, 72.125915, 11.411666]
[79.164444, 71.950897, 27.027381]
[79.295967, 72.584808, 15.981666]
[80.043663, 71.331237, 14.699999]
[79.465789, 71.10202, 12.435909]
[79.8227, 71.019744, 14.686666]
[79.316635, 72.019592, 13.041667]
[79.845092, 70.96521, 54.058189]
[79.422966, 72.6846, 58.778331]
[79.820182, 72.008239, 40.161666]
[79.74353, 72.857177, 25.431667]
[79.52507, 71.091339, 50.685001]
[79.734741, 71.575653, 45.609046]
[79.413154, 71.930023, 24.682575]
[79.733123, 71.978942, 27.123333]
[79.784103, 72.292694, 30.565]
[80.055046, 71.881622, 53.41476]
[79.36795, 71.737487, 24.503334]
[80.099449, 71.622375, 66.796279]
[79.471557, 72.45639, 9.7600002]
[79.696174, 71.500244, 15.25119]
[79.527916, 72.173278, 12.533333]
[79.653801, 72.178344, 38.551666]
[79.65792, 71.631897, 26.516666]
[79.715789, 71.121795, 21.398332]
[79.489486, 71.419616, 22.716667]
[79.313354, 72.23941, 21.579999]
[79.407432, 71.873748, 41.51625]
[79.634933, 71.039947, 9.6049995]
[80.078132, 56.164398, 10.911666]
[80.031364, 71.149871, 18.54]
[79.931922, 70.962158, 11.47]
[79.818847, 72.99057, 62.68465]
[79.543342, 71.780639, 8.8149995]
[79.680389, 270.23785, 5.3578205]
[79.876647, 71.317474, 84.002777]
[79.243087, 72.34317, 61.811428]
[79.796066, 72.382965, 16.27]
[79.778785, 71.248596, 53.571666]
[79.474685, 72.048553, 24.697727]
[80.011543, 71.416809, 10.198333]
[79.717361, 71.934936, 17.336427]
[79.629623, 71.948364, 25.238332]
[79.609886, 71.477874, 31.614999]
[79.730033, 72.205841, 19.997858]
[79.598922, 71.483673, 9.4350004]
[79.330696, 72.656372, 16.776666]
[79.662788, 71.544738, 25.346427]
[79.846229, 73.011291, 26.07197]
[79.238052, 72.225311, 51.498333]
[79.553627, 72.536132, 32.267856]